0	-0.000121784
2.13444e-13	-0.000122709
4.26887e-13	-0.000123633
6.40331e-13	-0.000124555
8.53775e-13	-0.000125477
1.06722e-12	-0.000126397
1.28066e-12	-0.000127316
1.49411e-12	-0.000128233
1.70755e-12	-0.000129148
1.92099e-12	-0.000130061
2.13444e-12	-0.000130972
2.34788e-12	-0.00013188
2.56132e-12	-0.000132786
2.77477e-12	-0.000133689
2.98821e-12	-0.00013459
3.20166e-12	-0.000135487
3.4151e-12	-0.000136381
3.62854e-12	-0.000137272
3.84199e-12	-0.000138159
4.05543e-12	-0.000139042
4.26887e-12	-0.000139922
4.48232e-12	-0.000140797
4.69576e-12	-0.000141668
4.90921e-12	-0.000142534
5.12265e-12	-0.000143395
5.33609e-12	-0.000144252
5.54954e-12	-0.000145104
5.76298e-12	-0.00014595
5.97642e-12	-0.00014679
6.18987e-12	-0.000147625
6.40331e-12	-0.000148454
6.61675e-12	-0.000149276
6.8302e-12	-0.000150092
7.04364e-12	-0.000150902
7.25709e-12	-0.000151705
7.47053e-12	-0.0001525
7.68397e-12	-0.000153288
7.89742e-12	-0.000154069
8.11086e-12	-0.000154842
8.3243e-12	-0.000155606
8.53775e-12	-0.000156363
8.75119e-12	-0.000157111
8.96464e-12	-0.00015785
9.17808e-12	-0.00015858
9.39152e-12	-0.000159301
9.60497e-12	-0.000160012
9.81841e-12	-0.000160713
1.00319e-11	-0.000161405
1.02453e-11	-0.000162086
1.04587e-11	-0.000162756
1.06722e-11	-0.000163416
1.08856e-11	-0.000164064
1.10991e-11	-0.000164701
1.13125e-11	-0.000165326
1.1526e-11	-0.00016594
1.17394e-11	-0.000166541
1.19528e-11	-0.000167129
1.21663e-11	-0.000167705
1.23797e-11	-0.000168267
1.25932e-11	-0.000168816
1.28066e-11	-0.000169351
1.30201e-11	-0.000169873
1.32335e-11	-0.000170379
1.3447e-11	-0.000170872
1.36604e-11	-0.000171349
1.38738e-11	-0.000171811
1.40873e-11	-0.000172257
1.43007e-11	-0.000172687
1.45142e-11	-0.000173101
1.47276e-11	-0.000173499
1.49411e-11	-0.000173879
1.51545e-11	-0.000174242
1.53679e-11	-0.000174588
1.55814e-11	-0.000174916
1.57948e-11	-0.000175225
1.60083e-11	-0.000175516
1.62217e-11	-0.000175788
1.64352e-11	-0.00017604
1.66486e-11	-0.000176273
1.68621e-11	-0.000176486
1.70755e-11	-0.000176678
1.72889e-11	-0.00017685
1.75024e-11	-0.000177
1.77158e-11	-0.000177129
1.79293e-11	-0.000177236
1.81427e-11	-0.000177321
1.83562e-11	-0.000177383
1.85696e-11	-0.000177422
1.8783e-11	-0.000177438
1.89965e-11	-0.00017743
1.92099e-11	-0.000177398
1.94234e-11	-0.000177341
1.96368e-11	-0.000177259
1.98503e-11	-0.000177152
2.00637e-11	-0.000177019
2.02772e-11	-0.000176859
2.04906e-11	-0.000176674
2.0704e-11	-0.000176461
2.09175e-11	-0.00017622
2.11309e-11	-0.000175952
2.13444e-11	-0.000175656
2.15578e-11	-0.000175331
2.17713e-11	-0.000174976
2.19847e-11	-0.000174593
2.21981e-11	-0.000174179
2.24116e-11	-0.000173735
2.2625e-11	-0.00017326
2.28385e-11	-0.000172753
2.30519e-11	-0.000172215
2.32654e-11	-0.000171645
2.34788e-11	-0.000171042
2.36923e-11	-0.000170406
2.39057e-11	-0.000169736
2.41191e-11	-0.000169032
2.43326e-11	-0.000168294
2.4546e-11	-0.000167521
2.47595e-11	-0.000166712
2.49729e-11	-0.000165868
2.51864e-11	-0.000164987
2.53998e-11	-0.00016407
2.56132e-11	-0.000163115
2.58267e-11	-0.000162122
2.60401e-11	-0.000161091
2.62536e-11	-0.000160022
2.6467e-11	-0.000158913
2.66805e-11	-0.000157764
2.68939e-11	-0.000156576
2.71074e-11	-0.000155346
2.73208e-11	-0.000154075
2.75342e-11	-0.000152763
2.77477e-11	-0.000151408
2.79611e-11	-0.000150011
2.81746e-11	-0.000148571
2.8388e-11	-0.000147086
2.86015e-11	-0.000145558
2.88149e-11	-0.000143985
2.90283e-11	-0.000142367
2.92418e-11	-0.000140702
2.94552e-11	-0.000138992
2.96687e-11	-0.000137235
2.98821e-11	-0.00013543
3.00956e-11	-0.000133578
3.0309e-11	-0.000131677
3.05225e-11	-0.000129727
3.07359e-11	-0.000127728
3.09493e-11	-0.000125679
3.11628e-11	-0.00012358
3.13762e-11	-0.000121429
3.15897e-11	-0.000119227
3.18031e-11	-0.000116973
3.20166e-11	-0.000114666
3.223e-11	-0.000112306
3.24434e-11	-0.000109893
3.26569e-11	-0.000107425
3.28703e-11	-0.000104902
3.30838e-11	-0.000102324
3.32972e-11	-9.969e-05
3.35107e-11	-9.69996e-05
3.37241e-11	-9.42523e-05
3.39375e-11	-9.14474e-05
3.4151e-11	-8.85845e-05
3.43644e-11	-8.5663e-05
3.45779e-11	-8.26823e-05
3.47913e-11	-7.96418e-05
3.50048e-11	-7.65411e-05
3.52182e-11	-7.33795e-05
3.54317e-11	-7.01566e-05
3.56451e-11	-6.68717e-05
3.58585e-11	-6.35243e-05
3.6072e-11	-6.01139e-05
3.62854e-11	-5.66399e-05
3.64989e-11	-5.31017e-05
3.67123e-11	-4.94988e-05
3.69258e-11	-4.58306e-05
3.71392e-11	-4.20966e-05
3.73526e-11	-3.82962e-05
3.75661e-11	-3.44289e-05
3.77795e-11	-3.04941e-05
3.7993e-11	-2.64912e-05
3.82064e-11	-2.24197e-05
3.84199e-11	-1.82791e-05
3.86333e-11	-1.40688e-05
3.88468e-11	-9.78816e-06
3.90602e-11	-5.43675e-06
3.92736e-11	-1.01397e-06
3.94871e-11	3.48073e-06
3.97005e-11	8.0479e-06
3.9914e-11	1.26881e-05
4.01274e-11	1.74018e-05
4.03409e-11	2.21897e-05
4.05543e-11	2.70522e-05
4.07677e-11	3.19899e-05
4.09812e-11	3.70033e-05
4.11946e-11	4.20931e-05
4.14081e-11	4.72596e-05
4.16215e-11	5.25035e-05
4.1835e-11	5.78253e-05
4.20484e-11	6.32255e-05
4.22619e-11	6.87047e-05
4.24753e-11	7.42634e-05
4.26887e-11	7.99021e-05
4.29022e-11	8.56213e-05
4.31156e-11	9.14215e-05
4.33291e-11	9.73034e-05
4.35425e-11	0.000103267
4.3756e-11	0.000109314
4.39694e-11	0.000115444
4.41828e-11	0.000121657
4.43963e-11	0.000127954
4.46097e-11	0.000134336
4.48232e-11	0.000140804
4.50366e-11	0.000147356
4.52501e-11	0.000153995
4.54635e-11	0.000160721
4.5677e-11	0.000167534
4.58904e-11	0.000174434
4.61038e-11	0.000181422
4.63173e-11	0.000188499
4.65307e-11	0.000195665
4.67442e-11	0.00020292
4.69576e-11	0.000210265
4.71711e-11	0.000217701
4.73845e-11	0.000225227
4.75979e-11	0.000232845
4.78114e-11	0.000240554
4.80248e-11	0.000248356
4.82383e-11	0.00025625
4.84517e-11	0.000264237
4.86652e-11	0.000272317
4.88786e-11	0.000280492
4.90921e-11	0.00028876
4.93055e-11	0.000297123
4.95189e-11	0.000305582
4.97324e-11	0.000314135
4.99458e-11	0.000322785
5.01593e-11	0.00033153
5.03727e-11	0.000340372
5.05862e-11	0.000349311
5.07996e-11	0.000358348
5.1013e-11	0.000367482
5.12265e-11	0.000376714
5.14399e-11	0.000386044
5.16534e-11	0.000395473
5.18668e-11	0.000405
5.20803e-11	0.000414627
5.22937e-11	0.000424354
5.25072e-11	0.00043418
5.27206e-11	0.000444107
5.2934e-11	0.000454134
5.31475e-11	0.000464262
5.33609e-11	0.00047449
5.35744e-11	0.00048482
5.37878e-11	0.000495251
5.40013e-11	0.000505784
5.42147e-11	0.000516419
5.44281e-11	0.000527156
5.46416e-11	0.000537996
5.4855e-11	0.000548938
5.50685e-11	0.000559982
5.52819e-11	0.00057113
5.54954e-11	0.000582381
5.57088e-11	0.000593734
5.59223e-11	0.000605192
5.61357e-11	0.000616752
5.63491e-11	0.000628417
5.65626e-11	0.000640185
5.6776e-11	0.000652057
5.69895e-11	0.000664033
5.72029e-11	0.000676112
5.74164e-11	0.000688296
5.76298e-11	0.000700585
5.78432e-11	0.000712977
5.80567e-11	0.000725473
5.82701e-11	0.000738074
5.84836e-11	0.000750779
5.8697e-11	0.000763588
5.89105e-11	0.000776502
5.91239e-11	0.000789519
5.93374e-11	0.000802641
5.95508e-11	0.000815867
5.97642e-11	0.000829196
5.99777e-11	0.00084263
6.01911e-11	0.000856168
6.04046e-11	0.000869809
6.0618e-11	0.000883553
6.08315e-11	0.000897401
6.10449e-11	0.000911353
6.12583e-11	0.000925407
6.14718e-11	0.000939565
6.16852e-11	0.000953825
6.18987e-11	0.000968187
6.21121e-11	0.000982652
6.23256e-11	0.000997218
6.2539e-11	0.00101189
6.27524e-11	0.00102666
6.29659e-11	0.00104153
6.31793e-11	0.0010565
6.33928e-11	0.00107157
6.36062e-11	0.00108674
6.38197e-11	0.00110202
6.40331e-11	0.00111739
6.42466e-11	0.00113286
6.446e-11	0.00114843
6.46734e-11	0.00116409
6.48869e-11	0.00117986
6.51003e-11	0.00119572
6.53138e-11	0.00121168
6.55272e-11	0.00122773
6.57407e-11	0.00124388
6.59541e-11	0.00126013
6.61675e-11	0.00127646
6.6381e-11	0.0012929
6.65944e-11	0.00130942
6.68079e-11	0.00132604
6.70213e-11	0.00134275
6.72348e-11	0.00135956
6.74482e-11	0.00137645
6.76617e-11	0.00139343
6.78751e-11	0.00141051
6.80885e-11	0.00142767
6.8302e-11	0.00144491
6.85154e-11	0.00146225
6.87289e-11	0.00147967
6.89423e-11	0.00149718
6.91558e-11	0.00151477
6.93692e-11	0.00153244
6.95826e-11	0.0015502
6.97961e-11	0.00156804
7.00095e-11	0.00158595
7.0223e-11	0.00160395
7.04364e-11	0.00162203
7.06499e-11	0.00164018
7.08633e-11	0.00165842
7.10768e-11	0.00167672
7.12902e-11	0.0016951
7.15036e-11	0.00171356
7.17171e-11	0.00173208
7.19305e-11	0.00175068
7.2144e-11	0.00176935
7.23574e-11	0.00178808
7.25709e-11	0.00180689
7.27843e-11	0.00182576
7.29977e-11	0.00184469
7.32112e-11	0.00186369
7.34246e-11	0.00188275
7.36381e-11	0.00190187
7.38515e-11	0.00192105
7.4065e-11	0.00194029
7.42784e-11	0.00195958
7.44919e-11	0.00197893
7.47053e-11	0.00199833
7.49187e-11	0.00201779
7.51322e-11	0.00203729
7.53456e-11	0.00205685
7.55591e-11	0.00207645
7.57725e-11	0.00209609
7.5986e-11	0.00211579
7.61994e-11	0.00213552
7.64128e-11	0.00215529
7.66263e-11	0.0021751
7.68397e-11	0.00219495
7.70532e-11	0.00221484
7.72666e-11	0.00223475
7.74801e-11	0.0022547
7.76935e-11	0.00227468
7.7907e-11	0.00229469
7.81204e-11	0.00231472
7.83338e-11	0.00233477
7.85473e-11	0.00235485
7.87607e-11	0.00237495
7.89742e-11	0.00239506
7.91876e-11	0.00241519
7.94011e-11	0.00243533
7.96145e-11	0.00245549
7.98279e-11	0.00247565
8.00414e-11	0.00249582
8.02548e-11	0.002516
8.04683e-11	0.00253617
8.06817e-11	0.00255635
8.08952e-11	0.00257652
8.11086e-11	0.00259669
8.13221e-11	0.00261685
8.15355e-11	0.00263701
8.17489e-11	0.00265715
8.19624e-11	0.00267727
8.21758e-11	0.00269738
8.23893e-11	0.00271747
8.26027e-11	0.00273753
8.28162e-11	0.00275757
8.30296e-11	0.00277759
8.3243e-11	0.00279757
8.34565e-11	0.00281752
8.36699e-11	0.00283743
8.38834e-11	0.00285731
8.40968e-11	0.00287714
8.43103e-11	0.00289693
8.45237e-11	0.00291667
8.47372e-11	0.00293636
8.49506e-11	0.002956
8.5164e-11	0.00297558
8.53775e-11	0.0029951
8.55909e-11	0.00301456
8.58044e-11	0.00303396
8.60178e-11	0.00305328
8.62313e-11	0.00307254
8.64447e-11	0.00309172
8.66581e-11	0.00311082
8.68716e-11	0.00312984
8.7085e-11	0.00314878
8.72985e-11	0.00316762
8.75119e-11	0.00318638
8.77254e-11	0.00320504
8.79388e-11	0.0032236
8.81523e-11	0.00324207
8.83657e-11	0.00326042
8.85791e-11	0.00327867
8.87926e-11	0.00329681
8.9006e-11	0.00331482
8.92195e-11	0.00333272
8.94329e-11	0.0033505
8.96464e-11	0.00336815
8.98598e-11	0.00338567
9.00732e-11	0.00340306
9.02867e-11	0.0034203
9.05001e-11	0.00343741
9.07136e-11	0.00345437
9.0927e-11	0.00347118
9.11405e-11	0.00348783
9.13539e-11	0.00350433
9.15674e-11	0.00352067
9.17808e-11	0.00353684
9.19942e-11	0.00355284
9.22077e-11	0.00356866
9.24211e-11	0.00358431
9.26346e-11	0.00359978
9.2848e-11	0.00361506
9.30615e-11	0.00363015
9.32749e-11	0.00364504
9.34883e-11	0.00365974
9.37018e-11	0.00367423
9.39152e-11	0.00368851
9.41287e-11	0.00370258
9.43421e-11	0.00371644
9.45556e-11	0.00373007
9.4769e-11	0.00374348
9.49824e-11	0.00375665
9.51959e-11	0.00376959
9.54093e-11	0.0037823
9.56228e-11	0.00379475
9.58362e-11	0.00380696
9.60497e-11	0.00381892
9.62631e-11	0.00383062
9.64766e-11	0.00384205
9.669e-11	0.00385322
9.69034e-11	0.00386412
9.71169e-11	0.00387473
9.73303e-11	0.00388507
9.75438e-11	0.00389512
9.77572e-11	0.00390487
9.79707e-11	0.00391433
9.81841e-11	0.00392349
9.83975e-11	0.00393234
9.8611e-11	0.00394088
9.88244e-11	0.0039491
9.90379e-11	0.00395699
9.92513e-11	0.00396457
9.94648e-11	0.0039718
9.96782e-11	0.0039787
9.98917e-11	0.00398526
1.00105e-10	0.00399147
1.00319e-10	0.00399733
1.00532e-10	0.00400282
1.00745e-10	0.00400795
1.00959e-10	0.00401272
1.01172e-10	0.00401711
1.01386e-10	0.00402111
1.01599e-10	0.00402474
1.01813e-10	0.00402797
1.02026e-10	0.0040308
1.0224e-10	0.00403323
1.02453e-10	0.00403526
1.02666e-10	0.00403687
1.0288e-10	0.00403806
1.03093e-10	0.00403883
1.03307e-10	0.00403916
1.0352e-10	0.00403906
1.03734e-10	0.00403853
1.03947e-10	0.00403754
1.04161e-10	0.0040361
1.04374e-10	0.0040342
1.04587e-10	0.00403184
1.04801e-10	0.00402901
1.05014e-10	0.0040257
1.05228e-10	0.00402191
1.05441e-10	0.00401763
1.05655e-10	0.00401286
1.05868e-10	0.00400759
1.06082e-10	0.00400181
1.06295e-10	0.00399553
1.06508e-10	0.00398873
1.06722e-10	0.0039814
1.06935e-10	0.00397355
1.07149e-10	0.00396516
1.07362e-10	0.00395623
1.07576e-10	0.00394675
1.07789e-10	0.00393672
1.08003e-10	0.00392614
1.08216e-10	0.00391499
1.08429e-10	0.00390326
1.08643e-10	0.00389096
1.08856e-10	0.00387808
1.0907e-10	0.00386461
1.09283e-10	0.00385055
1.09497e-10	0.00383588
1.0971e-10	0.00382061
1.09924e-10	0.00380472
1.10137e-10	0.00378821
1.1035e-10	0.00377108
1.10564e-10	0.00375332
1.10777e-10	0.00373492
1.10991e-10	0.00371588
1.11204e-10	0.00369618
1.11418e-10	0.00367584
1.11631e-10	0.00365482
1.11845e-10	0.00363315
1.12058e-10	0.00361079
1.12271e-10	0.00358776
1.12485e-10	0.00356404
1.12698e-10	0.00353962
1.12912e-10	0.00351451
1.13125e-10	0.00348869
1.13339e-10	0.00346217
1.13552e-10	0.00343492
1.13765e-10	0.00340695
1.13979e-10	0.00337826
1.14192e-10	0.00334882
1.14406e-10	0.00331865
1.14619e-10	0.00328773
1.14833e-10	0.00325605
1.15046e-10	0.00322361
1.1526e-10	0.00319041
1.15473e-10	0.00315644
1.15686e-10	0.00312169
1.159e-10	0.00308615
1.16113e-10	0.00304983
1.16327e-10	0.00301271
1.1654e-10	0.00297478
1.16754e-10	0.00293605
1.16967e-10	0.00289651
1.17181e-10	0.00285615
1.17394e-10	0.00281496
1.17607e-10	0.00277293
1.17821e-10	0.00273008
1.18034e-10	0.00268638
1.18248e-10	0.00264183
1.18461e-10	0.00259642
1.18675e-10	0.00255015
1.18888e-10	0.00250302
1.19102e-10	0.00245502
1.19315e-10	0.00240614
1.19528e-10	0.00235637
1.19742e-10	0.00230572
1.19955e-10	0.00225417
1.20169e-10	0.00220172
1.20382e-10	0.00214837
1.20596e-10	0.0020941
1.20809e-10	0.00203892
1.21023e-10	0.00198282
1.21236e-10	0.00192579
1.21449e-10	0.00186782
1.21663e-10	0.00180892
1.21876e-10	0.00174908
1.2209e-10	0.00168828
1.22303e-10	0.00162653
1.22517e-10	0.00156383
1.2273e-10	0.00150015
1.22944e-10	0.00143551
1.23157e-10	0.0013699
1.2337e-10	0.0013033
1.23584e-10	0.00123573
1.23797e-10	0.00116716
1.24011e-10	0.0010976
1.24224e-10	0.00102704
1.24438e-10	0.000955474
1.24651e-10	0.000882902
1.24865e-10	0.000809318
1.25078e-10	0.000734716
1.25291e-10	0.000659093
1.25505e-10	0.000582443
1.25718e-10	0.000504762
1.25932e-10	0.000426047
1.26145e-10	0.000346292
1.26359e-10	0.000265494
1.26572e-10	0.000183648
1.26786e-10	0.000100751
1.26999e-10	1.67978e-05
1.27212e-10	-6.82151e-05
1.27426e-10	-0.000154292
1.27639e-10	-0.000241435
1.27853e-10	-0.000329651
1.28066e-10	-0.00041894
1.2828e-10	-0.000509308
1.28493e-10	-0.000600759
1.28707e-10	-0.000693294
1.2892e-10	-0.000786918
1.29133e-10	-0.000881635
1.29347e-10	-0.000977446
1.2956e-10	-0.00107436
1.29774e-10	-0.00117237
1.29987e-10	-0.00127148
1.30201e-10	-0.00137171
1.30414e-10	-0.00147304
1.30628e-10	-0.00157549
1.30841e-10	-0.00167905
1.31054e-10	-0.00178373
1.31268e-10	-0.00188953
1.31481e-10	-0.00199645
1.31695e-10	-0.0021045
1.31908e-10	-0.00221367
1.32122e-10	-0.00232397
1.32335e-10	-0.00243541
1.32549e-10	-0.00254798
1.32762e-10	-0.00266168
1.32975e-10	-0.00277652
1.33189e-10	-0.0028925
1.33402e-10	-0.00300962
1.33616e-10	-0.00312787
1.33829e-10	-0.00324728
1.34043e-10	-0.00336782
1.34256e-10	-0.00348951
1.3447e-10	-0.00361234
1.34683e-10	-0.00373632
1.34896e-10	-0.00386145
1.3511e-10	-0.00398772
1.35323e-10	-0.00411515
1.35537e-10	-0.00424372
1.3575e-10	-0.00437344
1.35964e-10	-0.0045043
1.36177e-10	-0.00463632
1.36391e-10	-0.00476949
1.36604e-10	-0.0049038
1.36817e-10	-0.00503926
1.37031e-10	-0.00517587
1.37244e-10	-0.00531363
1.37458e-10	-0.00545253
1.37671e-10	-0.00559258
1.37885e-10	-0.00573377
1.38098e-10	-0.00587611
1.38312e-10	-0.00601959
1.38525e-10	-0.0061642
1.38738e-10	-0.00630996
1.38952e-10	-0.00645686
1.39165e-10	-0.00660489
1.39379e-10	-0.00675405
1.39592e-10	-0.00690434
1.39806e-10	-0.00705577
1.40019e-10	-0.00720832
1.40233e-10	-0.007362
1.40446e-10	-0.00751679
1.40659e-10	-0.00767271
1.40873e-10	-0.00782974
1.41086e-10	-0.00798789
1.413e-10	-0.00814714
1.41513e-10	-0.0083075
1.41727e-10	-0.00846897
1.4194e-10	-0.00863153
1.42154e-10	-0.00879519
1.42367e-10	-0.00895994
1.4258e-10	-0.00912577
1.42794e-10	-0.00929269
1.43007e-10	-0.00946068
1.43221e-10	-0.00962975
1.43434e-10	-0.00979989
1.43648e-10	-0.00997109
1.43861e-10	-0.0101433
1.44075e-10	-0.0103167
1.44288e-10	-0.010491
1.44501e-10	-0.0106664
1.44715e-10	-0.0108429
1.44928e-10	-0.0110203
1.45142e-10	-0.0111988
1.45355e-10	-0.0113783
1.45569e-10	-0.0115588
1.45782e-10	-0.0117404
1.45995e-10	-0.0119229
1.46209e-10	-0.0121064
1.46422e-10	-0.0122909
1.46636e-10	-0.0124764
1.46849e-10	-0.0126628
1.47063e-10	-0.0128502
1.47276e-10	-0.0130385
1.4749e-10	-0.0132278
1.47703e-10	-0.0134181
1.47916e-10	-0.0136092
1.4813e-10	-0.0138013
1.48343e-10	-0.0139943
1.48557e-10	-0.0141881
1.4877e-10	-0.0143829
1.48984e-10	-0.0145786
1.49197e-10	-0.0147751
1.49411e-10	-0.0149725
1.49624e-10	-0.0151707
1.49837e-10	-0.0153698
1.50051e-10	-0.0155697
1.50264e-10	-0.0157705
1.50478e-10	-0.015972
1.50691e-10	-0.0161743
1.50905e-10	-0.0163775
1.51118e-10	-0.0165814
1.51332e-10	-0.016786
1.51545e-10	-0.0169915
1.51758e-10	-0.0171976
1.51972e-10	-0.0174045
1.52185e-10	-0.0176121
1.52399e-10	-0.0178204
1.52612e-10	-0.0180294
1.52826e-10	-0.0182391
1.53039e-10	-0.0184494
1.53253e-10	-0.0186604
1.53466e-10	-0.0188721
1.53679e-10	-0.0190843
1.53893e-10	-0.0192972
1.54106e-10	-0.0195106
1.5432e-10	-0.0197246
1.54533e-10	-0.0199392
1.54747e-10	-0.0201544
1.5496e-10	-0.0203701
1.55174e-10	-0.0205863
1.55387e-10	-0.020803
1.556e-10	-0.0210202
1.55814e-10	-0.0212378
1.56027e-10	-0.0214559
1.56241e-10	-0.0216745
1.56454e-10	-0.0218935
1.56668e-10	-0.0221129
1.56881e-10	-0.0223326
1.57095e-10	-0.0225528
1.57308e-10	-0.0227733
1.57521e-10	-0.0229941
1.57735e-10	-0.0232152
1.57948e-10	-0.0234367
1.58162e-10	-0.0236584
1.58375e-10	-0.0238804
1.58589e-10	-0.0241026
1.58802e-10	-0.0243251
1.59016e-10	-0.0245478
1.59229e-10	-0.0247706
1.59442e-10	-0.0249936
1.59656e-10	-0.0252168
1.59869e-10	-0.0254401
1.60083e-10	-0.0256635
1.60296e-10	-0.0258869
1.6051e-10	-0.0261105
1.60723e-10	-0.0263341
1.60937e-10	-0.0265577
1.6115e-10	-0.0267813
1.61363e-10	-0.0270048
1.61577e-10	-0.0272284
1.6179e-10	-0.0274518
1.62004e-10	-0.0276752
1.62217e-10	-0.0278985
1.62431e-10	-0.0281216
1.62644e-10	-0.0283446
1.62858e-10	-0.0285674
1.63071e-10	-0.02879
1.63284e-10	-0.0290123
1.63498e-10	-0.0292344
1.63711e-10	-0.0294563
1.63925e-10	-0.0296778
1.64138e-10	-0.029899
1.64352e-10	-0.0301199
1.64565e-10	-0.0303403
1.64779e-10	-0.0305604
1.64992e-10	-0.0307801
1.65205e-10	-0.0309993
1.65419e-10	-0.031218
1.65632e-10	-0.0314362
1.65846e-10	-0.0316539
1.66059e-10	-0.0318711
1.66273e-10	-0.0320876
1.66486e-10	-0.0323036
1.667e-10	-0.0325189
1.66913e-10	-0.0327335
1.67126e-10	-0.0329475
1.6734e-10	-0.0331607
1.67553e-10	-0.0333732
1.67767e-10	-0.0335849
1.6798e-10	-0.0337958
1.68194e-10	-0.0340059
1.68407e-10	-0.0342151
1.68621e-10	-0.0344234
1.68834e-10	-0.0346308
1.69047e-10	-0.0348373
1.69261e-10	-0.0350428
1.69474e-10	-0.0352472
1.69688e-10	-0.0354507
1.69901e-10	-0.035653
1.70115e-10	-0.0358543
1.70328e-10	-0.0360544
1.70542e-10	-0.0362534
1.70755e-10	-0.0364512
1.70968e-10	-0.0366477
1.71182e-10	-0.036843
1.71395e-10	-0.037037
1.71609e-10	-0.0372298
1.71822e-10	-0.0374211
1.72036e-10	-0.0376111
1.72249e-10	-0.0377996
1.72463e-10	-0.0379868
1.72676e-10	-0.0381724
1.72889e-10	-0.0383565
1.73103e-10	-0.0385391
1.73316e-10	-0.0387201
1.7353e-10	-0.0388995
1.73743e-10	-0.0390773
1.73957e-10	-0.0392534
1.7417e-10	-0.0394277
1.74384e-10	-0.0396003
1.74597e-10	-0.0397712
1.7481e-10	-0.0399402
1.75024e-10	-0.0401074
1.75237e-10	-0.0402727
1.75451e-10	-0.0404361
1.75664e-10	-0.0405976
1.75878e-10	-0.040757
1.76091e-10	-0.0409145
1.76305e-10	-0.0410698
1.76518e-10	-0.0412231
1.76731e-10	-0.0413743
1.76945e-10	-0.0415233
1.77158e-10	-0.0416701
1.77372e-10	-0.0418147
1.77585e-10	-0.041957
1.77799e-10	-0.042097
1.78012e-10	-0.0422346
1.78225e-10	-0.0423699
1.78439e-10	-0.0425028
1.78652e-10	-0.0426332
1.78866e-10	-0.0427611
1.79079e-10	-0.0428865
1.79293e-10	-0.0430093
1.79506e-10	-0.0431296
1.7972e-10	-0.0432472
1.79933e-10	-0.0433621
1.80146e-10	-0.0434743
1.8036e-10	-0.0435838
1.80573e-10	-0.0436905
1.80787e-10	-0.0437944
1.81e-10	-0.0438954
1.81214e-10	-0.0439935
1.81427e-10	-0.0440886
1.81641e-10	-0.0441808
1.81854e-10	-0.04427
1.82067e-10	-0.0443562
1.82281e-10	-0.0444392
1.82494e-10	-0.0445192
1.82708e-10	-0.0445959
1.82921e-10	-0.0446695
1.83135e-10	-0.0447398
1.83348e-10	-0.0448069
1.83562e-10	-0.0448706
1.83775e-10	-0.044931
1.83988e-10	-0.044988
1.84202e-10	-0.0450415
1.84415e-10	-0.0450916
1.84629e-10	-0.0451382
1.84842e-10	-0.0451812
1.85056e-10	-0.0452207
1.85269e-10	-0.0452565
1.85483e-10	-0.0452887
1.85696e-10	-0.0453171
1.85909e-10	-0.0453418
1.86123e-10	-0.0453628
1.86336e-10	-0.0453799
1.8655e-10	-0.0453932
1.86763e-10	-0.0454026
1.86977e-10	-0.0454081
1.8719e-10	-0.0454095
1.87404e-10	-0.045407
1.87617e-10	-0.0454005
1.8783e-10	-0.0453898
1.88044e-10	-0.0453751
1.88257e-10	-0.0453561
1.88471e-10	-0.045333
1.88684e-10	-0.0453056
1.88898e-10	-0.045274
1.89111e-10	-0.045238
1.89325e-10	-0.0451977
1.89538e-10	-0.0451531
1.89751e-10	-0.045104
1.89965e-10	-0.0450504
1.90178e-10	-0.0449923
1.90392e-10	-0.0449297
1.90605e-10	-0.0448625
1.90819e-10	-0.0447907
1.91032e-10	-0.0447142
1.91246e-10	-0.0446331
1.91459e-10	-0.0445473
1.91672e-10	-0.0444566
1.91886e-10	-0.0443612
1.92099e-10	-0.044261
1.92313e-10	-0.0441558
1.92526e-10	-0.0440458
1.9274e-10	-0.0439308
1.92953e-10	-0.0438109
1.93167e-10	-0.0436859
1.9338e-10	-0.0435559
1.93593e-10	-0.0434208
1.93807e-10	-0.0432806
1.9402e-10	-0.0431352
1.94234e-10	-0.0429847
1.94447e-10	-0.0428289
1.94661e-10	-0.0426679
1.94874e-10	-0.0425015
1.95088e-10	-0.0423298
1.95301e-10	-0.0421528
1.95514e-10	-0.0419704
1.95728e-10	-0.0417825
1.95941e-10	-0.0415892
1.96155e-10	-0.0413904
1.96368e-10	-0.0411861
1.96582e-10	-0.0409761
1.96795e-10	-0.0407606
1.97009e-10	-0.0405395
1.97222e-10	-0.0403127
1.97435e-10	-0.0400803
1.97649e-10	-0.0398421
1.97862e-10	-0.0395981
1.98076e-10	-0.0393484
1.98289e-10	-0.0390929
1.98503e-10	-0.0388315
1.98716e-10	-0.0385642
1.9893e-10	-0.0382911
1.99143e-10	-0.038012
1.99356e-10	-0.0377269
1.9957e-10	-0.0374359
1.99783e-10	-0.0371388
1.99997e-10	-0.0368357
2.0021e-10	-0.0365265
2.00424e-10	-0.0362112
2.00637e-10	-0.0358898
2.00851e-10	-0.0355623
2.01064e-10	-0.0352285
2.01277e-10	-0.0348885
2.01491e-10	-0.0345424
2.01704e-10	-0.0341899
2.01918e-10	-0.0338312
2.02131e-10	-0.0334661
2.02345e-10	-0.0330947
2.02558e-10	-0.032717
2.02772e-10	-0.0323329
2.02985e-10	-0.0319424
2.03198e-10	-0.0315454
2.03412e-10	-0.0311421
2.03625e-10	-0.0307322
2.03839e-10	-0.0303158
2.04052e-10	-0.029893
2.04266e-10	-0.0294636
2.04479e-10	-0.0290277
2.04693e-10	-0.0285851
2.04906e-10	-0.028136
2.05119e-10	-0.0276803
2.05333e-10	-0.027218
2.05546e-10	-0.026749
2.0576e-10	-0.0262733
2.05973e-10	-0.025791
2.06187e-10	-0.025302
2.064e-10	-0.0248063
2.06614e-10	-0.0243038
2.06827e-10	-0.0237946
2.0704e-10	-0.0232786
2.07254e-10	-0.0227559
2.07467e-10	-0.0222264
2.07681e-10	-0.0216901
2.07894e-10	-0.021147
2.08108e-10	-0.0205971
2.08321e-10	-0.0200403
2.08535e-10	-0.0194767
2.08748e-10	-0.0189063
2.08961e-10	-0.018329
2.09175e-10	-0.0177448
2.09388e-10	-0.0171538
2.09602e-10	-0.0165558
2.09815e-10	-0.015951
2.10029e-10	-0.0153393
2.10242e-10	-0.0147206
2.10455e-10	-0.0140951
2.10669e-10	-0.0134627
2.10882e-10	-0.0128233
2.11096e-10	-0.012177
2.11309e-10	-0.0115238
2.11523e-10	-0.0108636
2.11736e-10	-0.0101966
2.1195e-10	-0.00952257
2.12163e-10	-0.00884163
2.12376e-10	-0.00815377
2.1259e-10	-0.00745898
2.12803e-10	-0.00675727
2.13017e-10	-0.00604863
2.1323e-10	-0.00533306
2.13444e-10	-0.00461058
2.13657e-10	-0.00388118
2.13871e-10	-0.00314487
2.14084e-10	-0.00240166
2.14297e-10	-0.00165155
2.14511e-10	-0.000894556
2.14724e-10	-0.000130674
2.14938e-10	0.000640083
2.15151e-10	0.00141771
2.15365e-10	0.00220218
2.15578e-10	0.00299351
2.15792e-10	0.00379167
2.16005e-10	0.00459665
2.16218e-10	0.00540843
2.16432e-10	0.00622702
2.16645e-10	0.00705239
2.16859e-10	0.00788452
2.17072e-10	0.00872341
2.17286e-10	0.00956903
2.17499e-10	0.0104214
2.17713e-10	0.0112804
2.17926e-10	0.0121461
2.18139e-10	0.0130185
2.18353e-10	0.0138975
2.18566e-10	0.0147832
2.1878e-10	0.0156754
2.18993e-10	0.0165742
2.19207e-10	0.0174796
2.1942e-10	0.0183915
2.19634e-10	0.0193099
2.19847e-10	0.0202348
2.2006e-10	0.0211661
2.20274e-10	0.0221039
2.20487e-10	0.0230481
2.20701e-10	0.0239986
2.20914e-10	0.0249554
2.21128e-10	0.0259186
2.21341e-10	0.026888
2.21555e-10	0.0278637
2.21768e-10	0.0288456
2.21981e-10	0.0298337
2.22195e-10	0.0308279
2.22408e-10	0.0318282
2.22622e-10	0.0328346
2.22835e-10	0.033847
2.23049e-10	0.0348655
2.23262e-10	0.0358898
2.23476e-10	0.0369201
2.23689e-10	0.0379563
2.23902e-10	0.0389983
2.24116e-10	0.0400461
2.24329e-10	0.0410996
2.24543e-10	0.0421588
2.24756e-10	0.0432237
2.2497e-10	0.0442942
2.25183e-10	0.0453703
2.25397e-10	0.0464519
2.2561e-10	0.047539
2.25823e-10	0.0486315
2.26037e-10	0.0497293
2.2625e-10	0.0508325
2.26464e-10	0.0519409
2.26677e-10	0.0530546
2.26891e-10	0.0541734
2.27104e-10	0.0552973
2.27318e-10	0.0564263
2.27531e-10	0.0575603
2.27744e-10	0.0586992
2.27958e-10	0.0598429
2.28171e-10	0.0609916
2.28385e-10	0.0621449
2.28598e-10	0.063303
2.28812e-10	0.0644657
2.29025e-10	0.065633
2.29239e-10	0.0668047
2.29452e-10	0.067981
2.29665e-10	0.0691616
2.29879e-10	0.0703465
2.30092e-10	0.0715357
2.30306e-10	0.0727291
2.30519e-10	0.0739265
2.30733e-10	0.0751281
2.30946e-10	0.0763335
2.3116e-10	0.0775429
2.31373e-10	0.0787561
2.31586e-10	0.0799731
2.318e-10	0.0811938
2.32013e-10	0.082418
2.32227e-10	0.0836458
2.3244e-10	0.084877
2.32654e-10	0.0861116
2.32867e-10	0.0873495
2.33081e-10	0.0885907
2.33294e-10	0.0898349
2.33507e-10	0.0910822
2.33721e-10	0.0923325
2.33934e-10	0.0935857
2.34148e-10	0.0948416
2.34361e-10	0.0961003
2.34575e-10	0.0973617
2.34788e-10	0.0986255
2.35002e-10	0.0998919
2.35215e-10	0.101161
2.35428e-10	0.102432
2.35642e-10	0.103705
2.35855e-10	0.10498
2.36069e-10	0.106257
2.36282e-10	0.107537
2.36496e-10	0.108818
2.36709e-10	0.1101
2.36923e-10	0.111385
2.37136e-10	0.112671
2.37349e-10	0.113958
2.37563e-10	0.115247
2.37776e-10	0.116537
2.3799e-10	0.117828
2.38203e-10	0.11912
2.38417e-10	0.120413
2.3863e-10	0.121707
2.38844e-10	0.123002
2.39057e-10	0.124297
2.3927e-10	0.125593
2.39484e-10	0.126889
2.39697e-10	0.128186
2.39911e-10	0.129483
2.40124e-10	0.13078
2.40338e-10	0.132077
2.40551e-10	0.133374
2.40765e-10	0.13467
2.40978e-10	0.135967
2.41191e-10	0.137263
2.41405e-10	0.138558
2.41618e-10	0.139852
2.41832e-10	0.141146
2.42045e-10	0.142439
2.42259e-10	0.143731
2.42472e-10	0.145022
2.42685e-10	0.146312
2.42899e-10	0.1476
2.43112e-10	0.148887
2.43326e-10	0.150172
2.43539e-10	0.151456
2.43753e-10	0.152737
2.43966e-10	0.154017
2.4418e-10	0.155295
2.44393e-10	0.15657
2.44606e-10	0.157843
2.4482e-10	0.159114
2.45033e-10	0.160382
2.45247e-10	0.161647
2.4546e-10	0.16291
2.45674e-10	0.16417
2.45887e-10	0.165426
2.46101e-10	0.16668
2.46314e-10	0.16793
2.46527e-10	0.169177
2.46741e-10	0.17042
2.46954e-10	0.171659
2.47168e-10	0.172895
2.47381e-10	0.174126
2.47595e-10	0.175354
2.47808e-10	0.176577
2.48022e-10	0.177796
2.48235e-10	0.17901
2.48448e-10	0.18022
2.48662e-10	0.181425
2.48875e-10	0.182625
2.49089e-10	0.183821
2.49302e-10	0.185011
2.49516e-10	0.186195
2.49729e-10	0.187375
2.49943e-10	0.188548
2.50156e-10	0.189716
2.50369e-10	0.190878
2.50583e-10	0.192034
2.50796e-10	0.193184
2.5101e-10	0.194328
2.51223e-10	0.195466
2.51437e-10	0.196596
2.5165e-10	0.197721
2.51864e-10	0.198838
2.52077e-10	0.199948
2.5229e-10	0.201052
2.52504e-10	0.202148
2.52717e-10	0.203237
2.52931e-10	0.204318
2.53144e-10	0.205391
2.53358e-10	0.206457
2.53571e-10	0.207515
2.53785e-10	0.208565
2.53998e-10	0.209606
2.54211e-10	0.210639
2.54425e-10	0.211664
2.54638e-10	0.21268
2.54852e-10	0.213687
2.55065e-10	0.214685
2.55279e-10	0.215674
2.55492e-10	0.216654
2.55706e-10	0.217625
2.55919e-10	0.218586
2.56132e-10	0.219537
2.56346e-10	0.220479
2.56559e-10	0.22141
2.56773e-10	0.222332
2.56986e-10	0.223243
2.572e-10	0.224144
2.57413e-10	0.225034
2.57627e-10	0.225914
2.5784e-10	0.226783
2.58053e-10	0.227641
2.58267e-10	0.228487
2.5848e-10	0.229323
2.58694e-10	0.230147
2.58907e-10	0.23096
2.59121e-10	0.23176
2.59334e-10	0.23255
2.59548e-10	0.233327
2.59761e-10	0.234092
2.59974e-10	0.234844
2.60188e-10	0.235585
2.60401e-10	0.236312
2.60615e-10	0.237028
2.60828e-10	0.23773
2.61042e-10	0.238419
2.61255e-10	0.239095
2.61469e-10	0.239758
2.61682e-10	0.240408
2.61895e-10	0.241044
2.62109e-10	0.241666
2.62322e-10	0.242274
2.62536e-10	0.242869
2.62749e-10	0.243449
2.62963e-10	0.244015
2.63176e-10	0.244567
2.6339e-10	0.245104
2.63603e-10	0.245626
2.63816e-10	0.246134
2.6403e-10	0.246627
2.64243e-10	0.247105
2.64457e-10	0.247567
2.6467e-10	0.248014
2.64884e-10	0.248446
2.65097e-10	0.248862
2.65311e-10	0.249262
2.65524e-10	0.249646
2.65737e-10	0.250014
2.65951e-10	0.250366
2.66164e-10	0.250702
2.66378e-10	0.251021
2.66591e-10	0.251324
2.66805e-10	0.25161
2.67018e-10	0.251879
2.67232e-10	0.252132
2.67445e-10	0.252367
2.67658e-10	0.252585
2.67872e-10	0.252785
2.68085e-10	0.252969
2.68299e-10	0.253134
2.68512e-10	0.253282
2.68726e-10	0.253412
2.68939e-10	0.253524
2.69153e-10	0.253618
2.69366e-10	0.253693
2.69579e-10	0.253751
2.69793e-10	0.253789
2.70006e-10	0.25381
2.7022e-10	0.253811
2.70433e-10	0.253794
2.70647e-10	0.253758
2.7086e-10	0.253703
2.71074e-10	0.253628
2.71287e-10	0.253534
2.715e-10	0.253421
2.71714e-10	0.253289
2.71927e-10	0.253136
2.72141e-10	0.252965
2.72354e-10	0.252773
2.72568e-10	0.252561
2.72781e-10	0.252329
2.72995e-10	0.252077
2.73208e-10	0.251805
2.73421e-10	0.251512
2.73635e-10	0.251199
2.73848e-10	0.250865
2.74062e-10	0.250511
2.74275e-10	0.250136
2.74489e-10	0.24974
2.74702e-10	0.249323
2.74915e-10	0.248885
2.75129e-10	0.248426
2.75342e-10	0.247945
2.75556e-10	0.247443
2.75769e-10	0.24692
2.75983e-10	0.246376
2.76196e-10	0.245809
2.7641e-10	0.245221
2.76623e-10	0.244611
2.76836e-10	0.24398
2.7705e-10	0.243326
2.77263e-10	0.24265
2.77477e-10	0.241952
2.7769e-10	0.241232
2.77904e-10	0.24049
2.78117e-10	0.239726
2.78331e-10	0.238939
2.78544e-10	0.238129
2.78757e-10	0.237297
2.78971e-10	0.236442
2.79184e-10	0.235565
2.79398e-10	0.234665
2.79611e-10	0.233742
2.79825e-10	0.232796
2.80038e-10	0.231828
2.80252e-10	0.230836
2.80465e-10	0.229821
2.80678e-10	0.228783
2.80892e-10	0.227722
2.81105e-10	0.226638
2.81319e-10	0.22553
2.81532e-10	0.2244
2.81746e-10	0.223245
2.81959e-10	0.222068
2.82173e-10	0.220867
2.82386e-10	0.219642
2.82599e-10	0.218394
2.82813e-10	0.217122
2.83026e-10	0.215827
2.8324e-10	0.214508
2.83453e-10	0.213165
2.83667e-10	0.211799
2.8388e-10	0.210408
2.84094e-10	0.208995
2.84307e-10	0.207557
2.8452e-10	0.206095
2.84734e-10	0.20461
2.84947e-10	0.203101
2.85161e-10	0.201568
2.85374e-10	0.200011
2.85588e-10	0.19843
2.85801e-10	0.196825
2.86015e-10	0.195196
2.86228e-10	0.193543
2.86441e-10	0.191867
2.86655e-10	0.190166
2.86868e-10	0.188442
2.87082e-10	0.186693
2.87295e-10	0.184921
2.87509e-10	0.183124
2.87722e-10	0.181304
2.87936e-10	0.17946
2.88149e-10	0.177591
2.88362e-10	0.175699
2.88576e-10	0.173783
2.88789e-10	0.171843
2.89003e-10	0.169879
2.89216e-10	0.167892
2.8943e-10	0.16588
2.89643e-10	0.163845
2.89857e-10	0.161786
2.9007e-10	0.159704
2.90283e-10	0.157597
2.90497e-10	0.155467
2.9071e-10	0.153313
2.90924e-10	0.151136
2.91137e-10	0.148935
2.91351e-10	0.146711
2.91564e-10	0.144463
2.91778e-10	0.142191
2.91991e-10	0.139897
2.92204e-10	0.137579
2.92418e-10	0.135238
2.92631e-10	0.132873
2.92845e-10	0.130486
2.93058e-10	0.128075
2.93272e-10	0.125641
2.93485e-10	0.123184
2.93699e-10	0.120705
2.93912e-10	0.118202
2.94125e-10	0.115677
2.94339e-10	0.113129
2.94552e-10	0.110559
2.94766e-10	0.107966
2.94979e-10	0.10535
2.95193e-10	0.102713
2.95406e-10	0.100053
2.9562e-10	0.0973704
2.95833e-10	0.094666
2.96046e-10	0.0919397
2.9626e-10	0.0891914
2.96473e-10	0.0864213
2.96687e-10	0.0836296
2.969e-10	0.0808162
2.97114e-10	0.0779813
2.97327e-10	0.075125
2.97541e-10	0.0722474
2.97754e-10	0.0693487
2.97967e-10	0.0664288
2.98181e-10	0.0634881
2.98394e-10	0.0605265
2.98608e-10	0.0575442
2.98821e-10	0.0545413
2.99035e-10	0.0515179
2.99248e-10	0.0484743
2.99462e-10	0.0454104
2.99675e-10	0.0423265
2.99888e-10	0.0392226
3.00102e-10	0.0360989
3.00315e-10	0.0329556
3.00529e-10	0.0297927
3.00742e-10	0.0266105
3.00956e-10	0.0234091
3.01169e-10	0.0201886
3.01383e-10	0.0169492
3.01596e-10	0.013691
3.01809e-10	0.0104142
3.02023e-10	0.00711896
3.02236e-10	0.00380541
3.0245e-10	0.000473734
3.02663e-10	-0.00287591
3.02877e-10	-0.00624334
3.0309e-10	-0.0096284
3.03304e-10	-0.0130309
3.03517e-10	-0.0164507
3.0373e-10	-0.0198876
3.03944e-10	-0.0233414
3.04157e-10	-0.026812
3.04371e-10	-0.0302991
3.04584e-10	-0.0338026
3.04798e-10	-0.0373223
3.05011e-10	-0.040858
3.05225e-10	-0.0444095
3.05438e-10	-0.0479766
3.05651e-10	-0.0515591
3.05865e-10	-0.0551568
3.06078e-10	-0.0587695
3.06292e-10	-0.062397
3.06505e-10	-0.0660391
3.06719e-10	-0.0696956
3.06932e-10	-0.0733663
3.07145e-10	-0.077051
3.07359e-10	-0.0807494
3.07572e-10	-0.0844613
3.07786e-10	-0.0881866
3.07999e-10	-0.091925
3.08213e-10	-0.0956762
3.08426e-10	-0.0994401
3.0864e-10	-0.103216
3.08853e-10	-0.107005
3.09066e-10	-0.110805
3.0928e-10	-0.114618
3.09493e-10	-0.118441
3.09707e-10	-0.122276
3.0992e-10	-0.126122
3.10134e-10	-0.129979
3.10347e-10	-0.133846
3.10561e-10	-0.137724
3.10774e-10	-0.141611
3.10987e-10	-0.145508
3.11201e-10	-0.149415
3.11414e-10	-0.153332
3.11628e-10	-0.157257
3.11841e-10	-0.161191
3.12055e-10	-0.165133
3.12268e-10	-0.169084
3.12482e-10	-0.173042
3.12695e-10	-0.177009
3.12908e-10	-0.180983
3.13122e-10	-0.184964
3.13335e-10	-0.188952
3.13549e-10	-0.192946
3.13762e-10	-0.196947
3.13976e-10	-0.200954
3.14189e-10	-0.204967
3.14403e-10	-0.208986
3.14616e-10	-0.213009
3.14829e-10	-0.217038
3.15043e-10	-0.221071
3.15256e-10	-0.225109
3.1547e-10	-0.229151
3.15683e-10	-0.233197
3.15897e-10	-0.237246
3.1611e-10	-0.241298
3.16324e-10	-0.245354
3.16537e-10	-0.249412
3.1675e-10	-0.253472
3.16964e-10	-0.257535
3.17177e-10	-0.261599
3.17391e-10	-0.265665
3.17604e-10	-0.269732
3.17818e-10	-0.2738
3.18031e-10	-0.277868
3.18245e-10	-0.281937
3.18458e-10	-0.286005
3.18671e-10	-0.290073
3.18885e-10	-0.294141
3.19098e-10	-0.298207
3.19312e-10	-0.302272
3.19525e-10	-0.306336
3.19739e-10	-0.310398
3.19952e-10	-0.314457
3.20166e-10	-0.318514
3.20379e-10	-0.322568
3.20592e-10	-0.326619
3.20806e-10	-0.330666
3.21019e-10	-0.334709
3.21233e-10	-0.338749
3.21446e-10	-0.342783
3.2166e-10	-0.346813
3.21873e-10	-0.350838
3.22087e-10	-0.354858
3.223e-10	-0.358871
3.22513e-10	-0.362879
3.22727e-10	-0.36688
3.2294e-10	-0.370874
3.23154e-10	-0.374861
3.23367e-10	-0.378841
3.23581e-10	-0.382813
3.23794e-10	-0.386776
3.24008e-10	-0.390732
3.24221e-10	-0.394679
3.24434e-10	-0.398616
3.24648e-10	-0.402544
3.24861e-10	-0.406462
3.25075e-10	-0.410371
3.25288e-10	-0.414268
3.25502e-10	-0.418155
3.25715e-10	-0.422031
3.25929e-10	-0.425896
3.26142e-10	-0.429748
3.26355e-10	-0.433589
3.26569e-10	-0.437417
3.26782e-10	-0.441232
3.26996e-10	-0.445034
3.27209e-10	-0.448822
3.27423e-10	-0.452597
3.27636e-10	-0.456358
3.2785e-10	-0.460104
3.28063e-10	-0.463835
3.28276e-10	-0.467551
3.2849e-10	-0.471251
3.28703e-10	-0.474936
3.28917e-10	-0.478604
3.2913e-10	-0.482256
3.29344e-10	-0.485891
3.29557e-10	-0.489509
3.29771e-10	-0.493109
3.29984e-10	-0.496691
3.30197e-10	-0.500255
3.30411e-10	-0.5038
3.30624e-10	-0.507327
3.30838e-10	-0.510834
3.31051e-10	-0.514321
3.31265e-10	-0.517789
3.31478e-10	-0.521236
3.31692e-10	-0.524663
3.31905e-10	-0.528068
3.32118e-10	-0.531453
3.32332e-10	-0.534815
3.32545e-10	-0.538156
3.32759e-10	-0.541475
3.32972e-10	-0.54477
3.33186e-10	-0.548043
3.33399e-10	-0.551293
3.33613e-10	-0.554518
3.33826e-10	-0.55772
3.34039e-10	-0.560898
3.34253e-10	-0.564051
3.34466e-10	-0.567179
3.3468e-10	-0.570281
3.34893e-10	-0.573358
3.35107e-10	-0.576409
3.3532e-10	-0.579434
3.35534e-10	-0.582432
3.35747e-10	-0.585404
3.3596e-10	-0.588348
3.36174e-10	-0.591264
3.36387e-10	-0.594153
3.36601e-10	-0.597013
3.36814e-10	-0.599845
3.37028e-10	-0.602648
3.37241e-10	-0.605422
3.37454e-10	-0.608166
3.37668e-10	-0.610881
3.37881e-10	-0.613565
3.38095e-10	-0.616219
3.38308e-10	-0.618842
3.38522e-10	-0.621435
3.38735e-10	-0.623995
3.38949e-10	-0.626525
3.39162e-10	-0.629022
3.39375e-10	-0.631487
3.39589e-10	-0.63392
3.39802e-10	-0.636319
3.40016e-10	-0.638686
3.40229e-10	-0.641019
3.40443e-10	-0.643318
3.40656e-10	-0.645584
3.4087e-10	-0.647815
3.41083e-10	-0.650011
3.41296e-10	-0.652173
3.4151e-10	-0.654299
3.41723e-10	-0.65639
3.41937e-10	-0.658445
3.4215e-10	-0.660465
3.42364e-10	-0.662447
3.42577e-10	-0.664394
3.42791e-10	-0.666303
3.43004e-10	-0.668176
3.43217e-10	-0.670011
3.43431e-10	-0.671808
3.43644e-10	-0.673568
3.43858e-10	-0.675289
3.44071e-10	-0.676972
3.44285e-10	-0.678616
3.44498e-10	-0.680221
3.44712e-10	-0.681787
3.44925e-10	-0.683314
3.45138e-10	-0.684801
3.45352e-10	-0.686248
3.45565e-10	-0.687655
3.45779e-10	-0.689021
3.45992e-10	-0.690347
3.46206e-10	-0.691632
3.46419e-10	-0.692876
3.46633e-10	-0.694079
3.46846e-10	-0.695239
3.47059e-10	-0.696359
3.47273e-10	-0.697436
3.47486e-10	-0.69847
3.477e-10	-0.699463
3.47913e-10	-0.700413
3.48127e-10	-0.701319
3.4834e-10	-0.702183
3.48554e-10	-0.703004
3.48767e-10	-0.703781
3.4898e-10	-0.704514
3.49194e-10	-0.705203
3.49407e-10	-0.705849
3.49621e-10	-0.70645
3.49834e-10	-0.707006
3.50048e-10	-0.707518
3.50261e-10	-0.707986
3.50475e-10	-0.708408
3.50688e-10	-0.708785
3.50901e-10	-0.709116
3.51115e-10	-0.709402
3.51328e-10	-0.709643
3.51542e-10	-0.709837
3.51755e-10	-0.709986
3.51969e-10	-0.710088
3.52182e-10	-0.710145
3.52396e-10	-0.710154
3.52609e-10	-0.710117
3.52822e-10	-0.710034
3.53036e-10	-0.709903
3.53249e-10	-0.709725
3.53463e-10	-0.709501
3.53676e-10	-0.709229
3.5389e-10	-0.708909
3.54103e-10	-0.708542
3.54317e-10	-0.708128
3.5453e-10	-0.707665
3.54743e-10	-0.707155
3.54957e-10	-0.706597
3.5517e-10	-0.70599
3.55384e-10	-0.705336
3.55597e-10	-0.704633
3.55811e-10	-0.703882
3.56024e-10	-0.703083
3.56238e-10	-0.702234
3.56451e-10	-0.701338
3.56664e-10	-0.700392
3.56878e-10	-0.699398
3.57091e-10	-0.698355
3.57305e-10	-0.697263
3.57518e-10	-0.696122
3.57732e-10	-0.694932
3.57945e-10	-0.693693
3.58159e-10	-0.692404
3.58372e-10	-0.691067
3.58585e-10	-0.68968
3.58799e-10	-0.688244
3.59012e-10	-0.686759
3.59226e-10	-0.685224
3.59439e-10	-0.68364
3.59653e-10	-0.682006
3.59866e-10	-0.680323
3.6008e-10	-0.678591
3.60293e-10	-0.676809
3.60506e-10	-0.674978
3.6072e-10	-0.673097
3.60933e-10	-0.671167
3.61147e-10	-0.669188
3.6136e-10	-0.667158
3.61574e-10	-0.66508
3.61787e-10	-0.662952
3.62001e-10	-0.660775
3.62214e-10	-0.658548
3.62427e-10	-0.656272
3.62641e-10	-0.653946
3.62854e-10	-0.651572
3.63068e-10	-0.649148
3.63281e-10	-0.646674
3.63495e-10	-0.644152
3.63708e-10	-0.64158
3.63922e-10	-0.63896
3.64135e-10	-0.63629
3.64348e-10	-0.633572
3.64562e-10	-0.630805
3.64775e-10	-0.627989
3.64989e-10	-0.625124
3.65202e-10	-0.62221
3.65416e-10	-0.619248
3.65629e-10	-0.616238
3.65843e-10	-0.613179
3.66056e-10	-0.610072
3.66269e-10	-0.606917
3.66483e-10	-0.603714
3.66696e-10	-0.600462
3.6691e-10	-0.597163
3.67123e-10	-0.593817
3.67337e-10	-0.590422
3.6755e-10	-0.58698
3.67764e-10	-0.583491
3.67977e-10	-0.579955
3.6819e-10	-0.576371
3.68404e-10	-0.572741
3.68617e-10	-0.569064
3.68831e-10	-0.56534
3.69044e-10	-0.56157
3.69258e-10	-0.557754
3.69471e-10	-0.553891
3.69684e-10	-0.549982
3.69898e-10	-0.546028
3.70111e-10	-0.542028
3.70325e-10	-0.537982
3.70538e-10	-0.533892
3.70752e-10	-0.529756
3.70965e-10	-0.525575
3.71179e-10	-0.52135
3.71392e-10	-0.51708
3.71605e-10	-0.512766
3.71819e-10	-0.508407
3.72032e-10	-0.504005
3.72246e-10	-0.49956
3.72459e-10	-0.495071
3.72673e-10	-0.490538
3.72886e-10	-0.485963
3.731e-10	-0.481345
3.73313e-10	-0.476684
3.73526e-10	-0.471981
3.7374e-10	-0.467237
3.73953e-10	-0.46245
3.74167e-10	-0.457622
3.7438e-10	-0.452753
3.74594e-10	-0.447842
3.74807e-10	-0.442891
3.75021e-10	-0.4379
3.75234e-10	-0.432868
3.75447e-10	-0.427796
3.75661e-10	-0.422685
3.75874e-10	-0.417534
3.76088e-10	-0.412344
3.76301e-10	-0.407116
3.76515e-10	-0.401849
3.76728e-10	-0.396544
3.76942e-10	-0.3912
3.77155e-10	-0.38582
3.77368e-10	-0.380402
3.77582e-10	-0.374947
3.77795e-10	-0.369455
3.78009e-10	-0.363927
3.78222e-10	-0.358363
3.78436e-10	-0.352764
3.78649e-10	-0.347129
3.78863e-10	-0.341459
3.79076e-10	-0.335754
3.79289e-10	-0.330015
3.79503e-10	-0.324242
3.79716e-10	-0.318436
3.7993e-10	-0.312596
3.80143e-10	-0.306723
3.80357e-10	-0.300818
3.8057e-10	-0.29488
3.80784e-10	-0.288911
3.80997e-10	-0.28291
3.8121e-10	-0.276878
3.81424e-10	-0.270815
3.81637e-10	-0.264722
3.81851e-10	-0.258599
3.82064e-10	-0.252446
3.82278e-10	-0.246264
3.82491e-10	-0.240053
3.82705e-10	-0.233814
3.82918e-10	-0.227547
3.83131e-10	-0.221252
3.83345e-10	-0.21493
3.83558e-10	-0.208581
3.83772e-10	-0.202205
3.83985e-10	-0.195804
3.84199e-10	-0.189377
3.84412e-10	-0.182925
3.84626e-10	-0.176448
3.84839e-10	-0.169947
3.85052e-10	-0.163422
3.85266e-10	-0.156873
3.85479e-10	-0.150301
3.85693e-10	-0.143707
3.85906e-10	-0.13709
3.8612e-10	-0.130452
3.86333e-10	-0.123792
3.86547e-10	-0.117112
3.8676e-10	-0.110411
3.86973e-10	-0.10369
3.87187e-10	-0.0969498
3.874e-10	-0.0901903
3.87614e-10	-0.0834121
3.87827e-10	-0.0766159
3.88041e-10	-0.0698019
3.88254e-10	-0.0629706
3.88468e-10	-0.0561226
3.88681e-10	-0.0492582
3.88894e-10	-0.042378
3.89108e-10	-0.0354824
3.89321e-10	-0.0285719
3.89535e-10	-0.021647
3.89748e-10	-0.014708
3.89962e-10	-0.00775565
3.90175e-10	-0.000790245
3.90389e-10	0.00618769
3.90602e-10	0.0131777
3.90815e-10	0.0201792
3.91029e-10	0.0271918
3.91242e-10	0.034215
3.91456e-10	0.0412483
3.91669e-10	0.0482912
3.91883e-10	0.0553433
3.92096e-10	0.0624039
3.9231e-10	0.0694727
3.92523e-10	0.0765491
3.92736e-10	0.0836326
3.9295e-10	0.0907228
3.93163e-10	0.0978191
3.93377e-10	0.104921
3.9359e-10	0.112028
3.93804e-10	0.11914
3.94017e-10	0.126256
3.94231e-10	0.133375
3.94444e-10	0.140498
3.94657e-10	0.147623
3.94871e-10	0.15475
3.95084e-10	0.161879
3.95298e-10	0.169008
3.95511e-10	0.176139
3.95725e-10	0.183269
3.95938e-10	0.190399
3.96152e-10	0.197528
3.96365e-10	0.204656
3.96578e-10	0.211781
3.96792e-10	0.218904
3.97005e-10	0.226024
3.97219e-10	0.23314
3.97432e-10	0.240253
3.97646e-10	0.24736
3.97859e-10	0.254463
3.98073e-10	0.26156
3.98286e-10	0.26865
3.98499e-10	0.275735
3.98713e-10	0.282811
3.98926e-10	0.289881
3.9914e-10	0.296942
3.99353e-10	0.303994
3.99567e-10	0.311037
3.9978e-10	0.31807
3.99994e-10	0.325093
4.00207e-10	0.332105
4.0042e-10	0.339105
4.00634e-10	0.346094
4.00847e-10	0.353071
4.01061e-10	0.360034
4.01274e-10	0.366985
4.01488e-10	0.373921
4.01701e-10	0.380843
4.01914e-10	0.38775
4.02128e-10	0.394641
4.02341e-10	0.401516
4.02555e-10	0.408375
4.02768e-10	0.415217
4.02982e-10	0.422042
4.03195e-10	0.428848
4.03409e-10	0.435636
4.03622e-10	0.442405
4.03835e-10	0.449154
4.04049e-10	0.455883
4.04262e-10	0.462591
4.04476e-10	0.469279
4.04689e-10	0.475945
4.04903e-10	0.482589
4.05116e-10	0.48921
4.0533e-10	0.495808
4.05543e-10	0.502383
4.05756e-10	0.508933
4.0597e-10	0.515459
4.06183e-10	0.52196
4.06397e-10	0.528435
4.0661e-10	0.534885
4.06824e-10	0.541307
4.07037e-10	0.547703
4.07251e-10	0.554071
4.07464e-10	0.560411
4.07677e-10	0.566723
4.07891e-10	0.573006
4.08104e-10	0.579259
4.08318e-10	0.585482
4.08531e-10	0.591675
4.08745e-10	0.597837
4.08958e-10	0.603968
4.09172e-10	0.610066
4.09385e-10	0.616133
4.09598e-10	0.622167
4.09812e-10	0.628167
4.10025e-10	0.634134
4.10239e-10	0.640067
4.10452e-10	0.645965
4.10666e-10	0.651828
4.10879e-10	0.657656
4.11093e-10	0.663448
4.11306e-10	0.669203
4.11519e-10	0.674921
4.11733e-10	0.680602
4.11946e-10	0.686246
4.1216e-10	0.691851
4.12373e-10	0.697418
4.12587e-10	0.702946
4.128e-10	0.708434
4.13014e-10	0.713882
4.13227e-10	0.71929
4.1344e-10	0.724658
4.13654e-10	0.729984
4.13867e-10	0.735268
4.14081e-10	0.740511
4.14294e-10	0.745712
4.14508e-10	0.750869
4.14721e-10	0.755984
4.14935e-10	0.761054
4.15148e-10	0.766081
4.15361e-10	0.771064
4.15575e-10	0.776002
4.15788e-10	0.780894
4.16002e-10	0.785741
4.16215e-10	0.790543
4.16429e-10	0.795298
4.16642e-10	0.800006
4.16856e-10	0.804667
4.17069e-10	0.809281
4.17282e-10	0.813848
4.17496e-10	0.818366
4.17709e-10	0.822836
4.17923e-10	0.827257
4.18136e-10	0.831628
4.1835e-10	0.835951
4.18563e-10	0.840223
4.18777e-10	0.844446
4.1899e-10	0.848617
4.19203e-10	0.852738
4.19417e-10	0.856808
4.1963e-10	0.860827
4.19844e-10	0.864793
4.20057e-10	0.868708
4.20271e-10	0.87257
4.20484e-10	0.87638
4.20698e-10	0.880136
4.20911e-10	0.883839
4.21124e-10	0.887489
4.21338e-10	0.891085
4.21551e-10	0.894626
4.21765e-10	0.898114
4.21978e-10	0.901546
4.22192e-10	0.904923
4.22405e-10	0.908246
4.22619e-10	0.911512
4.22832e-10	0.914723
4.23045e-10	0.917878
4.23259e-10	0.920977
4.23472e-10	0.924019
4.23686e-10	0.927004
4.23899e-10	0.929933
4.24113e-10	0.932804
4.24326e-10	0.935618
4.2454e-10	0.938374
4.24753e-10	0.941072
4.24966e-10	0.943712
4.2518e-10	0.946293
4.25393e-10	0.948816
4.25607e-10	0.951281
4.2582e-10	0.953686
4.26034e-10	0.956033
4.26247e-10	0.95832
4.26461e-10	0.960548
4.26674e-10	0.962716
4.26887e-10	0.964824
4.27101e-10	0.966872
4.27314e-10	0.96886
4.27528e-10	0.970788
4.27741e-10	0.972655
4.27955e-10	0.974461
4.28168e-10	0.976207
4.28382e-10	0.977892
4.28595e-10	0.979516
4.28808e-10	0.981079
4.29022e-10	0.982581
4.29235e-10	0.984021
4.29449e-10	0.985399
4.29662e-10	0.986716
4.29876e-10	0.987971
4.30089e-10	0.989165
4.30303e-10	0.990296
4.30516e-10	0.991366
4.30729e-10	0.992373
4.30943e-10	0.993318
4.31156e-10	0.994201
4.3137e-10	0.995022
4.31583e-10	0.99578
4.31797e-10	0.996476
4.3201e-10	0.997109
4.32224e-10	0.99768
4.32437e-10	0.998188
4.3265e-10	0.998633
4.32864e-10	0.999016
4.33077e-10	0.999336
4.33291e-10	0.999593
4.33504e-10	0.999788
4.33718e-10	0.99992
4.33931e-10	0.999989
4.34144e-10	0.999995
4.34358e-10	0.999938
4.34571e-10	0.999819
4.34785e-10	0.999637
4.34998e-10	0.999392
4.35212e-10	0.999084
4.35425e-10	0.998714
4.35639e-10	0.998281
4.35852e-10	0.997785
4.36065e-10	0.997227
4.36279e-10	0.996606
4.36492e-10	0.995923
4.36706e-10	0.995177
4.36919e-10	0.994369
4.37133e-10	0.993498
4.37346e-10	0.992565
4.3756e-10	0.99157
4.37773e-10	0.990513
4.37986e-10	0.989394
4.382e-10	0.988213
4.38413e-10	0.98697
4.38627e-10	0.985665
4.3884e-10	0.984299
4.39054e-10	0.982871
4.39267e-10	0.981382
4.39481e-10	0.979831
4.39694e-10	0.978219
4.39907e-10	0.976546
4.40121e-10	0.974812
4.40334e-10	0.973018
4.40548e-10	0.971163
4.40761e-10	0.969247
4.40975e-10	0.967271
4.41188e-10	0.965235
4.41402e-10	0.963138
4.41615e-10	0.960982
4.41828e-10	0.958766
4.42042e-10	0.956491
4.42255e-10	0.954156
4.42469e-10	0.951762
4.42682e-10	0.94931
4.42896e-10	0.946798
4.43109e-10	0.944228
4.43323e-10	0.9416
4.43536e-10	0.938913
4.43749e-10	0.936168
4.43963e-10	0.933366
4.44176e-10	0.930506
4.4439e-10	0.927589
4.44603e-10	0.924615
4.44817e-10	0.921584
4.4503e-10	0.918497
4.45244e-10	0.915353
4.45457e-10	0.912153
4.4567e-10	0.908898
4.45884e-10	0.905587
4.46097e-10	0.90222
4.46311e-10	0.898798
4.46524e-10	0.895322
4.46738e-10	0.891791
4.46951e-10	0.888206
4.47165e-10	0.884567
4.47378e-10	0.880875
4.47591e-10	0.877129
4.47805e-10	0.87333
4.48018e-10	0.869478
4.48232e-10	0.865574
4.48445e-10	0.861617
4.48659e-10	0.857609
4.48872e-10	0.853549
4.49086e-10	0.849438
4.49299e-10	0.845277
4.49512e-10	0.841064
4.49726e-10	0.836802
4.49939e-10	0.832489
4.50153e-10	0.828127
4.50366e-10	0.823716
4.5058e-10	0.819256
4.50793e-10	0.814747
4.51007e-10	0.81019
4.5122e-10	0.805586
4.51433e-10	0.800934
4.51647e-10	0.796235
4.5186e-10	0.791489
4.52074e-10	0.786697
4.52287e-10	0.781859
4.52501e-10	0.776975
4.52714e-10	0.772046
4.52928e-10	0.767073
4.53141e-10	0.762055
4.53354e-10	0.756992
4.53568e-10	0.751887
4.53781e-10	0.746737
4.53995e-10	0.741546
4.54208e-10	0.736311
4.54422e-10	0.731035
4.54635e-10	0.725717
4.54849e-10	0.720358
4.55062e-10	0.714958
4.55275e-10	0.709517
4.55489e-10	0.704037
4.55702e-10	0.698517
4.55916e-10	0.692958
4.56129e-10	0.68736
4.56343e-10	0.681724
4.56556e-10	0.676051
4.5677e-10	0.67034
4.56983e-10	0.664591
4.57196e-10	0.658807
4.5741e-10	0.652986
4.57623e-10	0.64713
4.57837e-10	0.641239
4.5805e-10	0.635313
4.58264e-10	0.629353
4.58477e-10	0.623359
4.58691e-10	0.617332
4.58904e-10	0.611272
4.59117e-10	0.605179
4.59331e-10	0.599055
4.59544e-10	0.592899
4.59758e-10	0.586712
4.59971e-10	0.580495
4.60185e-10	0.574248
4.60398e-10	0.567971
4.60612e-10	0.561665
4.60825e-10	0.55533
4.61038e-10	0.548968
4.61252e-10	0.542578
4.61465e-10	0.53616
4.61679e-10	0.529716
4.61892e-10	0.523246
4.62106e-10	0.51675
4.62319e-10	0.510229
4.62533e-10	0.503683
4.62746e-10	0.497114
4.62959e-10	0.49052
4.63173e-10	0.483903
4.63386e-10	0.477264
4.636e-10	0.470602
4.63813e-10	0.463919
4.64027e-10	0.457215
4.6424e-10	0.450489
4.64454e-10	0.443744
4.64667e-10	0.436979
4.6488e-10	0.430195
4.65094e-10	0.423392
4.65307e-10	0.416572
4.65521e-10	0.409733
4.65734e-10	0.402878
4.65948e-10	0.396005
4.66161e-10	0.389117
4.66374e-10	0.382213
4.66588e-10	0.375294
4.66801e-10	0.368361
4.67015e-10	0.361413
4.67228e-10	0.354452
4.67442e-10	0.347478
4.67655e-10	0.340492
4.67869e-10	0.333494
4.68082e-10	0.326484
4.68295e-10	0.319463
4.68509e-10	0.312432
4.68722e-10	0.305391
4.68936e-10	0.29834
4.69149e-10	0.291281
4.69363e-10	0.284214
4.69576e-10	0.277138
4.6979e-10	0.270056
4.70003e-10	0.262966
4.70216e-10	0.25587
4.7043e-10	0.248769
4.70643e-10	0.241662
4.70857e-10	0.234551
4.7107e-10	0.227435
4.71284e-10	0.220316
4.71497e-10	0.213194
4.71711e-10	0.206069
4.71924e-10	0.198941
4.72137e-10	0.191813
4.72351e-10	0.184683
4.72564e-10	0.177553
4.72778e-10	0.170422
4.72991e-10	0.163292
4.73205e-10	0.156163
4.73418e-10	0.149036
4.73632e-10	0.14191
4.73845e-10	0.134787
4.74058e-10	0.127667
4.74272e-10	0.12055
4.74485e-10	0.113438
4.74699e-10	0.10633
4.74912e-10	0.0992267
4.75126e-10	0.0921292
4.75339e-10	0.0850378
4.75553e-10	0.0779529
4.75766e-10	0.0708751
4.75979e-10	0.0638047
4.76193e-10	0.0567424
4.76406e-10	0.0496887
4.7662e-10	0.0426439
4.76833e-10	0.0356087
4.77047e-10	0.0285834
4.7726e-10	0.0215687
4.77474e-10	0.0145649
4.77687e-10	0.00757259
4.779e-10	0.000592225
4.78114e-10	-0.0063757
4.78327e-10	-0.0133307
4.78541e-10	-0.0202723
4.78754e-10	-0.0272001
4.78968e-10	-0.0341135
4.79181e-10	-0.0410121
4.79395e-10	-0.0478954
4.79608e-10	-0.0547629
4.79821e-10	-0.0616142
4.80035e-10	-0.0684488
4.80248e-10	-0.0752663
4.80462e-10	-0.0820661
4.80675e-10	-0.0888479
4.80889e-10	-0.0956111
4.81102e-10	-0.102355
4.81316e-10	-0.10908
4.81529e-10	-0.115785
4.81742e-10	-0.12247
4.81956e-10	-0.129133
4.82169e-10	-0.135776
4.82383e-10	-0.142397
4.82596e-10	-0.148996
4.8281e-10	-0.155572
4.83023e-10	-0.162125
4.83237e-10	-0.168655
4.8345e-10	-0.175161
4.83663e-10	-0.181643
4.83877e-10	-0.1881
4.8409e-10	-0.194532
4.84304e-10	-0.200938
4.84517e-10	-0.207319
4.84731e-10	-0.213673
4.84944e-10	-0.220001
4.85158e-10	-0.226301
4.85371e-10	-0.232574
4.85584e-10	-0.238818
4.85798e-10	-0.245035
4.86011e-10	-0.251223
4.86225e-10	-0.257381
4.86438e-10	-0.26351
4.86652e-10	-0.269609
4.86865e-10	-0.275678
4.87079e-10	-0.281716
4.87292e-10	-0.287723
4.87505e-10	-0.293699
4.87719e-10	-0.299643
4.87932e-10	-0.305555
4.88146e-10	-0.311434
4.88359e-10	-0.317281
4.88573e-10	-0.323094
4.88786e-10	-0.328874
4.89e-10	-0.334619
4.89213e-10	-0.340331
4.89426e-10	-0.346008
4.8964e-10	-0.351649
4.89853e-10	-0.357256
4.90067e-10	-0.362827
4.9028e-10	-0.368362
4.90494e-10	-0.373861
4.90707e-10	-0.379323
4.90921e-10	-0.384748
4.91134e-10	-0.390137
4.91347e-10	-0.395487
4.91561e-10	-0.4008
4.91774e-10	-0.406075
4.91988e-10	-0.411311
4.92201e-10	-0.416508
4.92415e-10	-0.421667
4.92628e-10	-0.426786
4.92842e-10	-0.431865
4.93055e-10	-0.436905
4.93268e-10	-0.441905
4.93482e-10	-0.446864
4.93695e-10	-0.451782
4.93909e-10	-0.45666
4.94122e-10	-0.461496
4.94336e-10	-0.466291
4.94549e-10	-0.471044
4.94763e-10	-0.475755
4.94976e-10	-0.480424
4.95189e-10	-0.485051
4.95403e-10	-0.489634
4.95616e-10	-0.494175
4.9583e-10	-0.498673
4.96043e-10	-0.503127
4.96257e-10	-0.507538
4.9647e-10	-0.511905
4.96684e-10	-0.516228
4.96897e-10	-0.520507
4.9711e-10	-0.524741
4.97324e-10	-0.52893
4.97537e-10	-0.533075
4.97751e-10	-0.537175
4.97964e-10	-0.541229
4.98178e-10	-0.545238
4.98391e-10	-0.549202
4.98604e-10	-0.55312
4.98818e-10	-0.556991
4.99031e-10	-0.560817
4.99245e-10	-0.564596
4.99458e-10	-0.568329
4.99672e-10	-0.572016
4.99885e-10	-0.575655
5.00099e-10	-0.579248
5.00312e-10	-0.582794
5.00525e-10	-0.586292
5.00739e-10	-0.589744
5.00952e-10	-0.593147
5.01166e-10	-0.596504
5.01379e-10	-0.599812
5.01593e-10	-0.603073
5.01806e-10	-0.606286
5.0202e-10	-0.60945
5.02233e-10	-0.612567
5.02446e-10	-0.615635
5.0266e-10	-0.618655
5.02873e-10	-0.621627
5.03087e-10	-0.62455
5.033e-10	-0.627424
5.03514e-10	-0.63025
5.03727e-10	-0.633027
5.03941e-10	-0.635755
5.04154e-10	-0.638435
5.04367e-10	-0.641065
5.04581e-10	-0.643646
5.04794e-10	-0.646178
5.05008e-10	-0.648661
5.05221e-10	-0.651095
5.05435e-10	-0.653479
5.05648e-10	-0.655815
5.05862e-10	-0.6581
5.06075e-10	-0.660337
5.06288e-10	-0.662524
5.06502e-10	-0.664662
5.06715e-10	-0.66675
5.06929e-10	-0.668789
5.07142e-10	-0.670779
5.07356e-10	-0.672719
5.07569e-10	-0.674609
5.07783e-10	-0.67645
5.07996e-10	-0.678242
5.08209e-10	-0.679984
5.08423e-10	-0.681677
5.08636e-10	-0.68332
5.0885e-10	-0.684914
5.09063e-10	-0.686458
5.09277e-10	-0.687953
5.0949e-10	-0.689399
5.09704e-10	-0.690796
5.09917e-10	-0.692143
5.1013e-10	-0.693441
5.10344e-10	-0.69469
5.10557e-10	-0.69589
5.10771e-10	-0.69704
5.10984e-10	-0.698142
5.11198e-10	-0.699195
5.11411e-10	-0.700199
5.11625e-10	-0.701154
5.11838e-10	-0.70206
5.12051e-10	-0.702918
5.12265e-10	-0.703727
5.12478e-10	-0.704488
5.12692e-10	-0.705201
5.12905e-10	-0.705865
5.13119e-10	-0.70648
5.13332e-10	-0.707048
5.13546e-10	-0.707568
5.13759e-10	-0.70804
5.13972e-10	-0.708464
5.14186e-10	-0.70884
5.14399e-10	-0.709169
5.14613e-10	-0.70945
5.14826e-10	-0.709685
5.1504e-10	-0.709872
5.15253e-10	-0.710011
5.15467e-10	-0.710104
5.1568e-10	-0.710151
5.15893e-10	-0.71015
5.16107e-10	-0.710103
5.1632e-10	-0.71001
5.16534e-10	-0.709871
5.16747e-10	-0.709685
5.16961e-10	-0.709454
5.17174e-10	-0.709177
5.17388e-10	-0.708854
5.17601e-10	-0.708486
5.17814e-10	-0.708073
5.18028e-10	-0.707615
5.18241e-10	-0.707112
5.18455e-10	-0.706564
5.18668e-10	-0.705971
5.18882e-10	-0.705335
5.19095e-10	-0.704654
5.19309e-10	-0.70393
5.19522e-10	-0.703161
5.19735e-10	-0.702349
5.19949e-10	-0.701494
5.20162e-10	-0.700596
5.20376e-10	-0.699655
5.20589e-10	-0.698671
5.20803e-10	-0.697644
5.21016e-10	-0.696575
5.2123e-10	-0.695465
5.21443e-10	-0.694312
5.21656e-10	-0.693118
5.2187e-10	-0.691882
5.22083e-10	-0.690605
5.22297e-10	-0.689288
5.2251e-10	-0.687929
5.22724e-10	-0.68653
5.22937e-10	-0.685091
5.23151e-10	-0.683612
5.23364e-10	-0.682093
5.23577e-10	-0.680535
5.23791e-10	-0.678937
5.24004e-10	-0.677301
5.24218e-10	-0.675626
5.24431e-10	-0.673912
5.24645e-10	-0.67216
5.24858e-10	-0.67037
5.25072e-10	-0.668542
5.25285e-10	-0.666677
5.25498e-10	-0.664775
5.25712e-10	-0.662836
5.25925e-10	-0.660861
5.26139e-10	-0.658849
5.26352e-10	-0.6568
5.26566e-10	-0.654717
5.26779e-10	-0.652597
5.26993e-10	-0.650443
5.27206e-10	-0.648253
5.27419e-10	-0.646029
5.27633e-10	-0.64377
5.27846e-10	-0.641478
5.2806e-10	-0.639151
5.28273e-10	-0.636791
5.28487e-10	-0.634398
5.287e-10	-0.631972
5.28914e-10	-0.629513
5.29127e-10	-0.627022
5.2934e-10	-0.624499
5.29554e-10	-0.621945
5.29767e-10	-0.619359
5.29981e-10	-0.616742
5.30194e-10	-0.614094
5.30408e-10	-0.611415
5.30621e-10	-0.608707
5.30834e-10	-0.605968
5.31048e-10	-0.6032
5.31261e-10	-0.600403
5.31475e-10	-0.597577
5.31688e-10	-0.594722
5.31902e-10	-0.591839
5.32115e-10	-0.588928
5.32329e-10	-0.58599
5.32542e-10	-0.583024
5.32755e-10	-0.580031
5.32969e-10	-0.577011
5.33182e-10	-0.573965
5.33396e-10	-0.570893
5.33609e-10	-0.567796
5.33823e-10	-0.564673
5.34036e-10	-0.561525
5.3425e-10	-0.558352
5.34463e-10	-0.555155
5.34676e-10	-0.551934
5.3489e-10	-0.548689
5.35103e-10	-0.545421
5.35317e-10	-0.54213
5.3553e-10	-0.538816
5.35744e-10	-0.535479
5.35957e-10	-0.532121
5.36171e-10	-0.528741
5.36384e-10	-0.525339
5.36597e-10	-0.521917
5.36811e-10	-0.518474
5.37024e-10	-0.51501
5.37238e-10	-0.511527
5.37451e-10	-0.508023
5.37665e-10	-0.504501
5.37878e-10	-0.500959
5.38092e-10	-0.497399
5.38305e-10	-0.49382
5.38518e-10	-0.490224
5.38732e-10	-0.48661
5.38945e-10	-0.482978
5.39159e-10	-0.47933
5.39372e-10	-0.475665
5.39586e-10	-0.471983
5.39799e-10	-0.468286
5.40013e-10	-0.464573
5.40226e-10	-0.460845
5.40439e-10	-0.457102
5.40653e-10	-0.453344
5.40866e-10	-0.449572
5.4108e-10	-0.445786
5.41293e-10	-0.441987
5.41507e-10	-0.438174
5.4172e-10	-0.434349
5.41934e-10	-0.430511
5.42147e-10	-0.42666
5.4236e-10	-0.422798
5.42574e-10	-0.418925
5.42787e-10	-0.41504
5.43001e-10	-0.411144
5.43214e-10	-0.407238
5.43428e-10	-0.403322
5.43641e-10	-0.399396
5.43855e-10	-0.39546
5.44068e-10	-0.391515
5.44281e-10	-0.387561
5.44495e-10	-0.383599
5.44708e-10	-0.379629
5.44922e-10	-0.375651
5.45135e-10	-0.371665
5.45349e-10	-0.367672
5.45562e-10	-0.363672
5.45776e-10	-0.359666
5.45989e-10	-0.355654
5.46202e-10	-0.351636
5.46416e-10	-0.347612
5.46629e-10	-0.343583
5.46843e-10	-0.339549
5.47056e-10	-0.335511
5.4727e-10	-0.331468
5.47483e-10	-0.327421
5.47697e-10	-0.323371
5.4791e-10	-0.319318
5.48123e-10	-0.315262
5.48337e-10	-0.311203
5.4855e-10	-0.307141
5.48764e-10	-0.303078
5.48977e-10	-0.299013
5.49191e-10	-0.294947
5.49404e-10	-0.29088
5.49618e-10	-0.286812
5.49831e-10	-0.282743
5.50044e-10	-0.278675
5.50258e-10	-0.274606
5.50471e-10	-0.270538
5.50685e-10	-0.266471
5.50898e-10	-0.262405
5.51112e-10	-0.258341
5.51325e-10	-0.254278
5.51539e-10	-0.250217
5.51752e-10	-0.246158
5.51965e-10	-0.242102
5.52179e-10	-0.238049
5.52392e-10	-0.233999
5.52606e-10	-0.229953
5.52819e-10	-0.22591
5.53033e-10	-0.221872
5.53246e-10	-0.217837
5.5346e-10	-0.213808
5.53673e-10	-0.209783
5.53886e-10	-0.205764
5.541e-10	-0.20175
5.54313e-10	-0.197741
5.54527e-10	-0.193739
5.5474e-10	-0.189743
5.54954e-10	-0.185754
5.55167e-10	-0.181771
5.55381e-10	-0.177796
5.55594e-10	-0.173828
5.55807e-10	-0.169868
5.56021e-10	-0.165916
5.56234e-10	-0.161972
5.56448e-10	-0.158036
5.56661e-10	-0.154109
5.56875e-10	-0.150191
5.57088e-10	-0.146282
5.57302e-10	-0.142383
5.57515e-10	-0.138494
5.57728e-10	-0.134614
5.57942e-10	-0.130745
5.58155e-10	-0.126886
5.58369e-10	-0.123038
5.58582e-10	-0.119201
5.58796e-10	-0.115375
5.59009e-10	-0.11156
5.59223e-10	-0.107757
5.59436e-10	-0.103967
5.59649e-10	-0.100188
5.59863e-10	-0.0964215
5.60076e-10	-0.0926677
5.6029e-10	-0.0889267
5.60503e-10	-0.0851989
5.60717e-10	-0.0814843
5.6093e-10	-0.0777831
5.61144e-10	-0.0740957
5.61357e-10	-0.0704223
5.6157e-10	-0.0667629
5.61784e-10	-0.0631179
5.61997e-10	-0.0594875
5.62211e-10	-0.0558718
5.62424e-10	-0.0522711
5.62638e-10	-0.0486856
5.62851e-10	-0.0451155
5.63064e-10	-0.0415609
5.63278e-10	-0.038022
5.63491e-10	-0.0344992
5.63705e-10	-0.0309924
5.63918e-10	-0.0275021
5.64132e-10	-0.0240282
5.64345e-10	-0.020571
5.64559e-10	-0.0171308
5.64772e-10	-0.0137076
5.64985e-10	-0.0103016
5.65199e-10	-0.00691307
5.65412e-10	-0.00354213
5.65626e-10	-0.000188946
5.65839e-10	0.0031463
5.66053e-10	0.00646346
5.66266e-10	0.00976235
5.6648e-10	0.0130428
5.66693e-10	0.0163047
5.66906e-10	0.0195479
5.6712e-10	0.0227721
5.67333e-10	0.0259773
5.67547e-10	0.0291634
5.6776e-10	0.0323301
5.67974e-10	0.0354773
5.68187e-10	0.0386048
5.68401e-10	0.0417127
5.68614e-10	0.0448006
5.68827e-10	0.0478684
5.69041e-10	0.0509161
5.69254e-10	0.0539435
5.69468e-10	0.0569504
5.69681e-10	0.0599368
5.69895e-10	0.0629025
5.70108e-10	0.0658475
5.70322e-10	0.0687714
5.70535e-10	0.0716744
5.70748e-10	0.0745562
5.70962e-10	0.0774167
5.71175e-10	0.0802558
5.71389e-10	0.0830735
5.71602e-10	0.0858696
5.71816e-10	0.088644
5.72029e-10	0.0913965
5.72243e-10	0.0941273
5.72456e-10	0.096836
5.72669e-10	0.0995226
5.72883e-10	0.102187
5.73096e-10	0.104829
5.7331e-10	0.107449
5.73523e-10	0.110047
5.73737e-10	0.112622
5.7395e-10	0.115174
5.74164e-10	0.117704
5.74377e-10	0.120211
5.7459e-10	0.122695
5.74804e-10	0.125156
5.75017e-10	0.127594
5.75231e-10	0.130009
5.75444e-10	0.132402
5.75658e-10	0.134771
5.75871e-10	0.137117
5.76085e-10	0.139439
5.76298e-10	0.141738
5.76511e-10	0.144014
5.76725e-10	0.146267
5.76938e-10	0.148496
5.77152e-10	0.150701
5.77365e-10	0.152883
5.77579e-10	0.155042
5.77792e-10	0.157177
5.78006e-10	0.159288
5.78219e-10	0.161375
5.78432e-10	0.163439
5.78646e-10	0.165479
5.78859e-10	0.167495
5.79073e-10	0.169487
5.79286e-10	0.171456
5.795e-10	0.1734
5.79713e-10	0.175321
5.79927e-10	0.177218
5.8014e-10	0.179091
5.80353e-10	0.18094
5.80567e-10	0.182765
5.8078e-10	0.184566
5.80994e-10	0.186344
5.81207e-10	0.188097
5.81421e-10	0.189826
5.81634e-10	0.191532
5.81848e-10	0.193213
5.82061e-10	0.19487
5.82274e-10	0.196504
5.82488e-10	0.198113
5.82701e-10	0.199699
5.82915e-10	0.201261
5.83128e-10	0.202799
5.83342e-10	0.204313
5.83555e-10	0.205803
5.83769e-10	0.207269
5.83982e-10	0.208711
5.84195e-10	0.21013
5.84409e-10	0.211525
5.84622e-10	0.212896
5.84836e-10	0.214243
5.85049e-10	0.215567
5.85263e-10	0.216867
5.85476e-10	0.218143
5.8569e-10	0.219396
5.85903e-10	0.220626
5.86116e-10	0.221831
5.8633e-10	0.223014
5.86543e-10	0.224173
5.86757e-10	0.225308
5.8697e-10	0.22642
5.87184e-10	0.227509
5.87397e-10	0.228575
5.87611e-10	0.229617
5.87824e-10	0.230637
5.88037e-10	0.231633
5.88251e-10	0.232606
5.88464e-10	0.233556
5.88678e-10	0.234484
5.88891e-10	0.235389
5.89105e-10	0.23627
5.89318e-10	0.237129
5.89532e-10	0.237966
5.89745e-10	0.23878
5.89958e-10	0.239571
5.90172e-10	0.24034
5.90385e-10	0.241087
5.90599e-10	0.241811
5.90812e-10	0.242514
5.91026e-10	0.243194
5.91239e-10	0.243852
5.91453e-10	0.244488
5.91666e-10	0.245102
5.91879e-10	0.245694
5.92093e-10	0.246265
5.92306e-10	0.246814
5.9252e-10	0.247341
5.92733e-10	0.247847
5.92947e-10	0.248332
5.9316e-10	0.248796
5.93374e-10	0.249238
5.93587e-10	0.249659
5.938e-10	0.250059
5.94014e-10	0.250438
5.94227e-10	0.250797
5.94441e-10	0.251135
5.94654e-10	0.251452
5.94868e-10	0.251748
5.95081e-10	0.252025
5.95294e-10	0.252281
5.95508e-10	0.252517
5.95721e-10	0.252732
5.95935e-10	0.252928
5.96148e-10	0.253104
5.96362e-10	0.25326
5.96575e-10	0.253397
5.96789e-10	0.253514
5.97002e-10	0.253611
5.97215e-10	0.253689
5.97429e-10	0.253748
5.97642e-10	0.253788
5.97856e-10	0.253809
5.98069e-10	0.253812
5.98283e-10	0.253795
5.98496e-10	0.25376
5.9871e-10	0.253706
5.98923e-10	0.253634
5.99136e-10	0.253544
5.9935e-10	0.253435
5.99563e-10	0.253309
5.99777e-10	0.253165
5.9999e-10	0.253003
6.00204e-10	0.252823
6.00417e-10	0.252626
6.00631e-10	0.252411
6.00844e-10	0.25218
6.01057e-10	0.251931
6.01271e-10	0.251665
6.01484e-10	0.251382
6.01698e-10	0.251083
6.01911e-10	0.250767
6.02125e-10	0.250434
6.02338e-10	0.250085
6.02552e-10	0.24972
6.02765e-10	0.249339
6.02978e-10	0.248942
6.03192e-10	0.248529
6.03405e-10	0.248101
6.03619e-10	0.247657
6.03832e-10	0.247197
6.04046e-10	0.246723
6.04259e-10	0.246233
6.04473e-10	0.245728
6.04686e-10	0.245209
6.04899e-10	0.244674
6.05113e-10	0.244126
6.05326e-10	0.243562
6.0554e-10	0.242985
6.05753e-10	0.242393
6.05967e-10	0.241788
6.0618e-10	0.241168
6.06394e-10	0.240535
6.06607e-10	0.239888
6.0682e-10	0.239228
6.07034e-10	0.238554
6.07247e-10	0.237868
6.07461e-10	0.237168
6.07674e-10	0.236455
6.07888e-10	0.23573
6.08101e-10	0.234992
6.08315e-10	0.234242
6.08528e-10	0.233479
6.08741e-10	0.232705
6.08955e-10	0.231918
6.09168e-10	0.231119
6.09382e-10	0.230309
6.09595e-10	0.229487
6.09809e-10	0.228654
6.10022e-10	0.227809
6.10236e-10	0.226954
6.10449e-10	0.226087
6.10662e-10	0.225209
6.10876e-10	0.224321
6.11089e-10	0.223422
6.11303e-10	0.222513
6.11516e-10	0.221594
6.1173e-10	0.220664
6.11943e-10	0.219724
6.12157e-10	0.218775
6.1237e-10	0.217816
6.12583e-10	0.216847
6.12797e-10	0.215869
6.1301e-10	0.214882
6.13224e-10	0.213886
6.13437e-10	0.21288
6.13651e-10	0.211866
6.13864e-10	0.210843
6.14078e-10	0.209812
6.14291e-10	0.208772
6.14504e-10	0.207724
6.14718e-10	0.206667
6.14931e-10	0.205603
6.15145e-10	0.204531
6.15358e-10	0.203452
6.15572e-10	0.202364
6.15785e-10	0.20127
6.15999e-10	0.200168
6.16212e-10	0.199059
6.16425e-10	0.197943
6.16639e-10	0.19682
6.16852e-10	0.19569
6.17066e-10	0.194554
6.17279e-10	0.193412
6.17493e-10	0.192263
6.17706e-10	0.191108
6.1792e-10	0.189947
6.18133e-10	0.18878
6.18346e-10	0.187608
6.1856e-10	0.18643
6.18773e-10	0.185246
6.18987e-10	0.184057
6.192e-10	0.182863
6.19414e-10	0.181664
6.19627e-10	0.18046
6.19841e-10	0.179251
6.20054e-10	0.178037
6.20267e-10	0.176819
6.20481e-10	0.175597
6.20694e-10	0.17437
6.20908e-10	0.173139
6.21121e-10	0.171904
6.21335e-10	0.170666
6.21548e-10	0.169423
6.21762e-10	0.168177
6.21975e-10	0.166928
6.22188e-10	0.165675
6.22402e-10	0.164419
6.22615e-10	0.16316
6.22829e-10	0.161898
6.23042e-10	0.160633
6.23256e-10	0.159366
6.23469e-10	0.158095
6.23683e-10	0.156823
6.23896e-10	0.155548
6.24109e-10	0.15427
6.24323e-10	0.152991
6.24536e-10	0.15171
6.2475e-10	0.150427
6.24963e-10	0.149142
6.25177e-10	0.147855
6.2539e-10	0.146567
6.25604e-10	0.145278
6.25817e-10	0.143987
6.2603e-10	0.142696
6.26244e-10	0.141403
6.26457e-10	0.140109
6.26671e-10	0.138815
6.26884e-10	0.137519
6.27098e-10	0.136224
6.27311e-10	0.134927
6.27524e-10	0.133631
6.27738e-10	0.132334
6.27951e-10	0.131037
6.28165e-10	0.12974
6.28378e-10	0.128443
6.28592e-10	0.127146
6.28805e-10	0.12585
6.29019e-10	0.124554
6.29232e-10	0.123259
6.29445e-10	0.121964
6.29659e-10	0.12067
6.29872e-10	0.119376
6.30086e-10	0.118084
6.30299e-10	0.116793
6.30513e-10	0.115503
6.30726e-10	0.114214
6.3094e-10	0.112926
6.31153e-10	0.11164
6.31366e-10	0.110355
6.3158e-10	0.109072
6.31793e-10	0.10779
6.32007e-10	0.106511
6.3222e-10	0.105233
6.32434e-10	0.103957
6.32647e-10	0.102684
6.32861e-10	0.101412
6.33074e-10	0.100143
6.33287e-10	0.0988764
6.33501e-10	0.097612
6.33714e-10	0.0963502
6.33928e-10	0.095091
6.34141e-10	0.0938345
6.34355e-10	0.0925807
6.34568e-10	0.0913299
6.34782e-10	0.090082
6.34995e-10	0.0888371
6.35208e-10	0.0875954
6.35422e-10	0.0863568
6.35635e-10	0.0851215
6.35849e-10	0.0838896
6.36062e-10	0.0826612
6.36276e-10	0.0814362
6.36489e-10	0.0802148
6.36703e-10	0.0789971
6.36916e-10	0.0777832
6.37129e-10	0.076573
6.37343e-10	0.0753668
6.37556e-10	0.0741644
6.3777e-10	0.0729662
6.37983e-10	0.071772
6.38197e-10	0.070582
6.3841e-10	0.0693962
6.38624e-10	0.0682147
6.38837e-10	0.0670376
6.3905e-10	0.0658649
6.39264e-10	0.0646967
6.39477e-10	0.0635331
6.39691e-10	0.0623741
6.39904e-10	0.0612198
6.40118e-10	0.0600703
6.40331e-10	0.0589255
6.40545e-10	0.0577857
6.40758e-10	0.0566507
6.40971e-10	0.0555207
6.41185e-10	0.0543958
6.41398e-10	0.053276
6.41612e-10	0.0521613
6.41825e-10	0.0510518
6.42039e-10	0.0499476
6.42252e-10	0.0488487
6.42466e-10	0.0477551
6.42679e-10	0.046667
6.42892e-10	0.0455843
6.43106e-10	0.0445071
6.43319e-10	0.0434355
6.43533e-10	0.0423695
6.43746e-10	0.0413091
6.4396e-10	0.0402545
6.44173e-10	0.0392056
6.44387e-10	0.0381624
6.446e-10	0.0371251
6.44813e-10	0.0360936
6.45027e-10	0.0350681
6.4524e-10	0.0340485
6.45454e-10	0.0330349
6.45667e-10	0.0320273
6.45881e-10	0.0310258
6.46094e-10	0.0300303
6.46308e-10	0.029041
6.46521e-10	0.0280579
6.46734e-10	0.027081
6.46948e-10	0.0261103
6.47161e-10	0.0251459
6.47375e-10	0.0241878
6.47588e-10	0.023236
6.47802e-10	0.0222906
6.48015e-10	0.0213515
6.48229e-10	0.0204189
6.48442e-10	0.0194928
6.48655e-10	0.0185731
6.48869e-10	0.0176599
6.49082e-10	0.0167532
6.49296e-10	0.0158531
6.49509e-10	0.0149595
6.49723e-10	0.0140726
6.49936e-10	0.0131923
6.5015e-10	0.0123186
6.50363e-10	0.0114515
6.50576e-10	0.0105911
6.5079e-10	0.00973748
6.51003e-10	0.00889053
6.51217e-10	0.0080503
6.5143e-10	0.00721683
6.51644e-10	0.00639012
6.51857e-10	0.00557019
6.52071e-10	0.00475705
6.52284e-10	0.00395072
6.52497e-10	0.00315121
6.52711e-10	0.00235853
6.52924e-10	0.00157269
6.53138e-10	0.00079371
6.53351e-10	2.15912e-05
6.53565e-10	-0.000743655
6.53778e-10	-0.00150202
6.53992e-10	-0.00225349
6.54205e-10	-0.00299807
6.54418e-10	-0.00373575
6.54632e-10	-0.00446652
6.54845e-10	-0.00519037
6.55059e-10	-0.00590731
6.55272e-10	-0.00661732
6.55486e-10	-0.00732041
6.55699e-10	-0.00801658
6.55913e-10	-0.00870581
6.56126e-10	-0.00938811
6.56339e-10	-0.0100635
6.56553e-10	-0.0107319
6.56766e-10	-0.0113935
6.5698e-10	-0.012048
6.57193e-10	-0.0126957
6.57407e-10	-0.0133364
6.5762e-10	-0.0139703
6.57834e-10	-0.0145972
6.58047e-10	-0.0152172
6.5826e-10	-0.0158303
6.58474e-10	-0.0164365
6.58687e-10	-0.0170358
6.58901e-10	-0.0176282
6.59114e-10	-0.0182137
6.59328e-10	-0.0187924
6.59541e-10	-0.0193642
6.59754e-10	-0.0199291
6.59968e-10	-0.0204872
6.60181e-10	-0.0210385
6.60395e-10	-0.021583
6.60608e-10	-0.0221206
6.60822e-10	-0.0226515
6.61035e-10	-0.0231756
6.61249e-10	-0.0236928
6.61462e-10	-0.0242034
6.61675e-10	-0.0247072
6.61889e-10	-0.0252042
6.62102e-10	-0.0256946
6.62316e-10	-0.0261782
6.62529e-10	-0.0266552
6.62743e-10	-0.0271255
6.62956e-10	-0.0275892
6.6317e-10	-0.0280462
6.63383e-10	-0.0284966
6.63596e-10	-0.0289404
6.6381e-10	-0.0293777
6.64023e-10	-0.0298084
6.64237e-10	-0.0302325
6.6445e-10	-0.0306502
6.64664e-10	-0.0310613
6.64877e-10	-0.031466
6.65091e-10	-0.0318642
6.65304e-10	-0.032256
6.65517e-10	-0.0326414
6.65731e-10	-0.0330204
6.65944e-10	-0.033393
6.66158e-10	-0.0337593
6.66371e-10	-0.0341193
6.66585e-10	-0.034473
6.66798e-10	-0.0348204
6.67012e-10	-0.0351616
6.67225e-10	-0.0354966
6.67438e-10	-0.0358254
6.67652e-10	-0.036148
6.67865e-10	-0.0364645
6.68079e-10	-0.0367749
6.68292e-10	-0.0370792
6.68506e-10	-0.0373775
6.68719e-10	-0.0376697
6.68933e-10	-0.0379559
6.69146e-10	-0.0382362
6.69359e-10	-0.0385105
6.69573e-10	-0.038779
6.69786e-10	-0.0390415
6.7e-10	-0.0392982
6.70213e-10	-0.0395491
6.70427e-10	-0.0397942
6.7064e-10	-0.0400335
6.70854e-10	-0.0402671
6.71067e-10	-0.040495
6.7128e-10	-0.0407173
6.71494e-10	-0.0409339
6.71707e-10	-0.0411449
6.71921e-10	-0.0413503
6.72134e-10	-0.0415502
6.72348e-10	-0.0417446
6.72561e-10	-0.0419336
6.72775e-10	-0.0421171
6.72988e-10	-0.0422952
6.73201e-10	-0.0424679
6.73415e-10	-0.0426353
6.73628e-10	-0.0427974
6.73842e-10	-0.0429542
6.74055e-10	-0.0431058
6.74269e-10	-0.0432522
6.74482e-10	-0.0433934
6.74696e-10	-0.0435295
6.74909e-10	-0.0436606
6.75122e-10	-0.0437865
6.75336e-10	-0.0439075
6.75549e-10	-0.0440234
6.75763e-10	-0.0441344
6.75976e-10	-0.0442405
6.7619e-10	-0.0443417
6.76403e-10	-0.0444381
6.76617e-10	-0.0445297
6.7683e-10	-0.0446165
6.77043e-10	-0.0446985
6.77257e-10	-0.0447759
6.7747e-10	-0.0448486
6.77684e-10	-0.0449167
6.77897e-10	-0.0449803
6.78111e-10	-0.0450392
6.78324e-10	-0.0450937
6.78538e-10	-0.0451437
6.78751e-10	-0.0451892
6.78964e-10	-0.0452304
6.79178e-10	-0.0452672
6.79391e-10	-0.0452997
6.79605e-10	-0.0453279
6.79818e-10	-0.0453519
6.80032e-10	-0.0453716
6.80245e-10	-0.0453872
6.80459e-10	-0.0453987
6.80672e-10	-0.0454061
6.80885e-10	-0.0454094
6.81099e-10	-0.0454087
6.81312e-10	-0.045404
6.81526e-10	-0.0453954
6.81739e-10	-0.0453829
6.81953e-10	-0.0453665
6.82166e-10	-0.0453463
6.8238e-10	-0.0453223
6.82593e-10	-0.0452946
6.82806e-10	-0.0452632
6.8302e-10	-0.0452281
6.83233e-10	-0.0451893
6.83447e-10	-0.045147
6.8366e-10	-0.0451011
6.83874e-10	-0.0450517
6.84087e-10	-0.0449989
6.84301e-10	-0.0449426
6.84514e-10	-0.0448828
6.84727e-10	-0.0448198
6.84941e-10	-0.0447534
6.85154e-10	-0.0446837
6.85368e-10	-0.0446108
6.85581e-10	-0.0445346
6.85795e-10	-0.0444553
6.86008e-10	-0.0443729
6.86222e-10	-0.0442874
6.86435e-10	-0.0441988
6.86648e-10	-0.0441072
6.86862e-10	-0.0440126
6.87075e-10	-0.043915
6.87289e-10	-0.0438146
6.87502e-10	-0.0437113
6.87716e-10	-0.0436052
6.87929e-10	-0.0434963
6.88143e-10	-0.0433846
6.88356e-10	-0.0432702
6.88569e-10	-0.0431531
6.88783e-10	-0.0430334
6.88996e-10	-0.0429111
6.8921e-10	-0.0427862
6.89423e-10	-0.0426587
6.89637e-10	-0.0425288
6.8985e-10	-0.0423964
6.90064e-10	-0.0422616
6.90277e-10	-0.0421245
6.9049e-10	-0.0419849
6.90704e-10	-0.0418431
6.90917e-10	-0.0416989
6.91131e-10	-0.0415526
6.91344e-10	-0.041404
6.91558e-10	-0.0412533
6.91771e-10	-0.0411004
6.91984e-10	-0.0409454
6.92198e-10	-0.0407884
6.92411e-10	-0.0406293
6.92625e-10	-0.0404683
6.92838e-10	-0.0403053
6.93052e-10	-0.0401403
6.93265e-10	-0.0399735
6.93479e-10	-0.0398049
6.93692e-10	-0.0396344
6.93905e-10	-0.0394621
6.94119e-10	-0.0392881
6.94332e-10	-0.0391123
6.94546e-10	-0.0389349
6.94759e-10	-0.0387558
6.94973e-10	-0.0385751
6.95186e-10	-0.0383928
6.954e-10	-0.038209
6.95613e-10	-0.0380237
6.95826e-10	-0.0378369
6.9604e-10	-0.0376486
6.96253e-10	-0.0374589
6.96467e-10	-0.0372678
6.9668e-10	-0.0370754
6.96894e-10	-0.0368816
6.97107e-10	-0.0366865
6.97321e-10	-0.0364902
6.97534e-10	-0.0362927
6.97747e-10	-0.036094
6.97961e-10	-0.0358941
6.98174e-10	-0.035693
6.98388e-10	-0.0354909
6.98601e-10	-0.0352877
6.98815e-10	-0.0350834
6.99028e-10	-0.0348781
6.99242e-10	-0.0346718
6.99455e-10	-0.0344646
6.99668e-10	-0.0342565
6.99882e-10	-0.0340475
7.00095e-10	-0.0338375
7.00309e-10	-0.0336268
7.00522e-10	-0.0334152
7.00736e-10	-0.0332029
7.00949e-10	-0.0329898
7.01163e-10	-0.032776
7.01376e-10	-0.0325615
7.01589e-10	-0.0323463
7.01803e-10	-0.0321305
7.02016e-10	-0.0319141
7.0223e-10	-0.031697
7.02443e-10	-0.0314794
7.02657e-10	-0.0312613
7.0287e-10	-0.0310427
7.03084e-10	-0.0308236
7.03297e-10	-0.030604
7.0351e-10	-0.030384
7.03724e-10	-0.0301636
7.03937e-10	-0.0299428
7.04151e-10	-0.0297217
7.04364e-10	-0.0295002
7.04578e-10	-0.0292784
7.04791e-10	-0.0290564
7.05005e-10	-0.0288341
7.05218e-10	-0.0286115
7.05431e-10	-0.0283888
7.05645e-10	-0.0281658
7.05858e-10	-0.0279427
7.06072e-10	-0.0277195
7.06285e-10	-0.0274961
7.06499e-10	-0.0272727
7.06712e-10	-0.0270492
7.06926e-10	-0.0268256
7.07139e-10	-0.026602
7.07352e-10	-0.0263784
7.07566e-10	-0.0261548
7.07779e-10	-0.0259313
7.07993e-10	-0.0257078
7.08206e-10	-0.0254844
7.0842e-10	-0.0252611
7.08633e-10	-0.0250379
7.08847e-10	-0.0248148
7.0906e-10	-0.0245919
7.09273e-10	-0.0243692
7.09487e-10	-0.0241467
7.097e-10	-0.0239245
7.09914e-10	-0.0237024
7.10127e-10	-0.0234806
7.10341e-10	-0.0232591
7.10554e-10	-0.0230379
7.10768e-10	-0.022817
7.10981e-10	-0.0225965
7.11194e-10	-0.0223762
7.11408e-10	-0.0221564
7.11621e-10	-0.0219369
7.11835e-10	-0.0217179
7.12048e-10	-0.0214992
7.12262e-10	-0.021281
7.12475e-10	-0.0210633
7.12689e-10	-0.020846
7.12902e-10	-0.0206292
7.13115e-10	-0.0204129
7.13329e-10	-0.0201971
7.13542e-10	-0.0199819
7.13756e-10	-0.0197671
7.13969e-10	-0.019553
7.14183e-10	-0.0193394
7.14396e-10	-0.0191265
7.1461e-10	-0.0189141
7.14823e-10	-0.0187023
7.15036e-10	-0.0184912
7.1525e-10	-0.0182808
7.15463e-10	-0.0180709
7.15677e-10	-0.0178618
7.1589e-10	-0.0176534
7.16104e-10	-0.0174456
7.16317e-10	-0.0172386
7.16531e-10	-0.0170323
7.16744e-10	-0.0168267
7.16957e-10	-0.0166219
7.17171e-10	-0.0164178
7.17384e-10	-0.0162145
7.17598e-10	-0.016012
7.17811e-10	-0.0158103
7.18025e-10	-0.0156095
7.18238e-10	-0.0154094
7.18452e-10	-0.0152101
7.18665e-10	-0.0150117
7.18878e-10	-0.0148142
7.19092e-10	-0.0146175
7.19305e-10	-0.0144216
7.19519e-10	-0.0142267
7.19732e-10	-0.0140326
7.19946e-10	-0.0138395
7.20159e-10	-0.0136472
7.20373e-10	-0.0134559
7.20586e-10	-0.0132655
7.20799e-10	-0.013076
7.21013e-10	-0.0128875
7.21226e-10	-0.0126999
7.2144e-10	-0.0125132
7.21653e-10	-0.0123276
7.21867e-10	-0.0121429
7.2208e-10	-0.0119592
7.22294e-10	-0.0117765
7.22507e-10	-0.0115947
7.2272e-10	-0.011414
7.22934e-10	-0.0112343
7.23147e-10	-0.0110556
7.23361e-10	-0.010878
7.23574e-10	-0.0107013
7.23788e-10	-0.0105257
7.24001e-10	-0.0103511
7.24214e-10	-0.0101776
7.24428e-10	-0.0100052
7.24641e-10	-0.00983375
7.24855e-10	-0.0096634
7.25068e-10	-0.00949412
7.25282e-10	-0.00932591
7.25495e-10	-0.00915878
7.25709e-10	-0.00899273
7.25922e-10	-0.00882776
7.26135e-10	-0.00866389
7.26349e-10	-0.00850111
7.26562e-10	-0.00833943
7.26776e-10	-0.00817885
7.26989e-10	-0.00801937
7.27203e-10	-0.00786101
7.27416e-10	-0.00770376
7.2763e-10	-0.00754762
7.27843e-10	-0.0073926
7.28056e-10	-0.0072387
7.2827e-10	-0.00708592
7.28483e-10	-0.00693428
7.28697e-10	-0.00678376
7.2891e-10	-0.00663437
7.29124e-10	-0.00648611
7.29337e-10	-0.00633899
7.29551e-10	-0.00619301
7.29764e-10	-0.00604817
7.29977e-10	-0.00590446
7.30191e-10	-0.0057619
7.30404e-10	-0.00562048
7.30618e-10	-0.00548021
7.30831e-10	-0.00534108
7.31045e-10	-0.00520309
7.31258e-10	-0.00506626
7.31472e-10	-0.00493057
7.31685e-10	-0.00479602
7.31898e-10	-0.00466263
7.32112e-10	-0.00453039
7.32325e-10	-0.00439929
7.32539e-10	-0.00426934
7.32752e-10	-0.00414055
7.32966e-10	-0.00401289
7.33179e-10	-0.00388639
7.33393e-10	-0.00376104
7.33606e-10	-0.00363683
7.33819e-10	-0.00351377
7.34033e-10	-0.00339185
7.34246e-10	-0.00327108
7.3446e-10	-0.00315146
7.34673e-10	-0.00303297
7.34887e-10	-0.00291563
7.351e-10	-0.00279942
7.35314e-10	-0.00268436
7.35527e-10	-0.00257043
7.3574e-10	-0.00245764
7.35954e-10	-0.00234598
7.36167e-10	-0.00223545
7.36381e-10	-0.00212605
7.36594e-10	-0.00201778
7.36808e-10	-0.00191063
7.37021e-10	-0.00180461
7.37235e-10	-0.00169971
7.37448e-10	-0.00159593
7.37661e-10	-0.00149326
7.37875e-10	-0.00139171
7.38088e-10	-0.00129127
7.38302e-10	-0.00119193
7.38515e-10	-0.0010937
7.38729e-10	-0.000996572
7.38942e-10	-0.000900543
7.39156e-10	-0.00080561
7.39369e-10	-0.000711769
7.39582e-10	-0.000619018
7.39796e-10	-0.000527353
7.40009e-10	-0.000436771
7.40223e-10	-0.000347268
7.40436e-10	-0.00025884
7.4065e-10	-0.000171484
7.40863e-10	-8.51961e-05
7.41077e-10	2.73855e-08
7.4129e-10	8.41904e-05
7.41503e-10	0.000167297
7.41717e-10	0.000249351
7.4193e-10	0.000330356
7.42144e-10	0.000410318
7.42357e-10	0.000489239
7.42571e-10	0.000567124
7.42784e-10	0.000643978
7.42998e-10	0.000719804
7.43211e-10	0.000794608
7.43424e-10	0.000868394
7.43638e-10	0.000941166
7.43851e-10	0.00101293
7.44065e-10	0.00108369
7.44278e-10	0.00115345
7.44492e-10	0.00122221
7.44705e-10	0.00128998
7.44919e-10	0.00135677
7.45132e-10	0.00142258
7.45345e-10	0.00148742
7.45559e-10	0.00155128
7.45772e-10	0.00161418
7.45986e-10	0.00167611
7.46199e-10	0.0017371
7.46413e-10	0.00179713
7.46626e-10	0.00185622
7.4684e-10	0.00191437
7.47053e-10	0.00197159
7.47266e-10	0.00202787
7.4748e-10	0.00208324
7.47693e-10	0.00213768
7.47907e-10	0.00219122
7.4812e-10	0.00224384
7.48334e-10	0.00229557
7.48547e-10	0.0023464
7.48761e-10	0.00239634
7.48974e-10	0.0024454
7.49187e-10	0.00249358
7.49401e-10	0.00254088
7.49614e-10	0.00258732
7.49828e-10	0.00263289
7.50041e-10	0.00267761
7.50255e-10	0.00272148
7.50468e-10	0.0027645
7.50682e-10	0.00280669
7.50895e-10	0.00284804
7.51108e-10	0.00288857
7.51322e-10	0.00292828
7.51535e-10	0.00296717
7.51749e-10	0.00300525
7.51962e-10	0.00304253
7.52176e-10	0.00307901
7.52389e-10	0.0031147
7.52603e-10	0.00314961
7.52816e-10	0.00318374
7.53029e-10	0.00321709
7.53243e-10	0.00324968
7.53456e-10	0.00328151
7.5367e-10	0.00331258
7.53883e-10	0.0033429
7.54097e-10	0.00337248
7.5431e-10	0.00340132
7.54524e-10	0.00342943
7.54737e-10	0.00345682
7.5495e-10	0.00348349
7.55164e-10	0.00350945
7.55377e-10	0.0035347
7.55591e-10	0.00355925
7.55804e-10	0.00358311
7.56018e-10	0.00360628
7.56231e-10	0.00362877
7.56444e-10	0.00365058
7.56658e-10	0.00367172
7.56871e-10	0.0036922
7.57085e-10	0.00371203
7.57298e-10	0.0037312
7.57512e-10	0.00374972
7.57725e-10	0.00376761
7.57939e-10	0.00378487
7.58152e-10	0.0038015
7.58365e-10	0.00381751
7.58579e-10	0.0038329
7.58792e-10	0.00384769
7.59006e-10	0.00386187
7.59219e-10	0.00387546
7.59433e-10	0.00388846
7.59646e-10	0.00390087
7.5986e-10	0.00391271
7.60073e-10	0.00392397
7.60286e-10	0.00393467
7.605e-10	0.00394481
7.60713e-10	0.00395439
7.60927e-10	0.00396343
7.6114e-10	0.00397193
7.61354e-10	0.00397989
7.61567e-10	0.00398732
7.61781e-10	0.00399422
7.61994e-10	0.00400061
7.62207e-10	0.00400648
7.62421e-10	0.00401185
7.62634e-10	0.00401672
7.62848e-10	0.0040211
7.63061e-10	0.00402498
7.63275e-10	0.00402839
7.63488e-10	0.00403131
7.63702e-10	0.00403377
7.63915e-10	0.00403576
7.64128e-10	0.00403729
7.64342e-10	0.00403837
7.64555e-10	0.00403899
7.64769e-10	0.00403918
7.64982e-10	0.00403893
7.65196e-10	0.00403824
7.65409e-10	0.00403714
7.65623e-10	0.00403561
7.65836e-10	0.00403367
7.66049e-10	0.00403131
7.66263e-10	0.00402856
7.66476e-10	0.00402541
7.6669e-10	0.00402186
7.66903e-10	0.00401793
7.67117e-10	0.00401362
7.6733e-10	0.00400893
7.67544e-10	0.00400387
7.67757e-10	0.00399844
7.6797e-10	0.00399266
7.68184e-10	0.00398652
7.68397e-10	0.00398003
7.68611e-10	0.0039732
7.68824e-10	0.00396603
7.69038e-10	0.00395852
7.69251e-10	0.00395069
7.69465e-10	0.00394253
7.69678e-10	0.00393406
7.69891e-10	0.00392527
7.70105e-10	0.00391617
7.70318e-10	0.00390677
7.70532e-10	0.00389707
7.70745e-10	0.00388708
7.70959e-10	0.0038768
7.71172e-10	0.00386624
7.71386e-10	0.0038554
7.71599e-10	0.00384429
7.71812e-10	0.00383291
7.72026e-10	0.00382126
7.72239e-10	0.00380935
7.72453e-10	0.00379719
7.72666e-10	0.00378479
7.7288e-10	0.00377213
7.73093e-10	0.00375924
7.73307e-10	0.00374611
7.7352e-10	0.00373274
7.73733e-10	0.00371916
7.73947e-10	0.00370535
7.7416e-10	0.00369132
7.74374e-10	0.00367708
7.74587e-10	0.00366262
7.74801e-10	0.00364797
7.75014e-10	0.00363311
7.75228e-10	0.00361806
7.75441e-10	0.00360282
7.75654e-10	0.00358739
7.75868e-10	0.00357178
7.76081e-10	0.00355599
7.76295e-10	0.00354002
7.76508e-10	0.00352388
7.76722e-10	0.00350758
7.76935e-10	0.00349112
7.77149e-10	0.00347449
7.77362e-10	0.00345771
7.77575e-10	0.00344078
7.77789e-10	0.00342371
7.78002e-10	0.00340649
7.78216e-10	0.00338913
7.78429e-10	0.00337164
7.78643e-10	0.00335401
7.78856e-10	0.00333626
7.7907e-10	0.00331838
7.79283e-10	0.00330039
7.79496e-10	0.00328227
7.7971e-10	0.00326405
7.79923e-10	0.00324571
7.80137e-10	0.00322727
7.8035e-10	0.00320873
7.80564e-10	0.00319009
7.80777e-10	0.00317135
7.80991e-10	0.00315252
7.81204e-10	0.0031336
7.81417e-10	0.0031146
7.81631e-10	0.00309551
7.81844e-10	0.00307635
7.82058e-10	0.00305711
7.82271e-10	0.00303779
7.82485e-10	0.00301841
7.82698e-10	0.00299897
7.82912e-10	0.00297946
7.83125e-10	0.00295989
7.83338e-10	0.00294026
7.83552e-10	0.00292058
7.83765e-10	0.00290085
7.83979e-10	0.00288107
7.84192e-10	0.00286124
7.84406e-10	0.00284137
7.84619e-10	0.00282147
7.84833e-10	0.00280153
7.85046e-10	0.00278155
7.85259e-10	0.00276154
7.85473e-10	0.00274151
7.85686e-10	0.00272145
7.859e-10	0.00270136
7.86113e-10	0.00268126
7.86327e-10	0.00266114
7.8654e-10	0.002641
7.86754e-10	0.00262085
7.86967e-10	0.00260069
7.8718e-10	0.00258052
7.87394e-10	0.00256035
7.87607e-10	0.00254017
7.87821e-10	0.00252
7.88034e-10	0.00249982
7.88248e-10	0.00247965
7.88461e-10	0.00245949
7.88674e-10	0.00243933
7.88888e-10	0.00241918
7.89101e-10	0.00239905
7.89315e-10	0.00237893
7.89528e-10	0.00235883
7.89742e-10	0.00233875
7.89955e-10	0.00231869
7.90169e-10	0.00229866
7.90382e-10	0.00227865
7.90595e-10	0.00225866
7.90809e-10	0.00223871
7.91022e-10	0.00221878
7.91236e-10	0.00219889
7.91449e-10	0.00217904
7.91663e-10	0.00215922
7.91876e-10	0.00213943
7.9209e-10	0.00211969
7.92303e-10	0.0021
7.92516e-10	0.00208034
7.9273e-10	0.00206073
7.92943e-10	0.00204117
7.93157e-10	0.00202165
7.9337e-10	0.00200219
7.93584e-10	0.00198277
7.93797e-10	0.00196341
7.94011e-10	0.00194411
7.94224e-10	0.00192486
7.94437e-10	0.00190567
7.94651e-10	0.00188654
7.94864e-10	0.00186746
7.95078e-10	0.00184845
7.95291e-10	0.00182951
7.95505e-10	0.00181062
7.95718e-10	0.00179181
7.95932e-10	0.00177306
7.96145e-10	0.00175438
7.96358e-10	0.00173577
7.96572e-10	0.00171722
7.96785e-10	0.00169876
7.96999e-10	0.00168036
7.97212e-10	0.00166204
7.97426e-10	0.00164379
7.97639e-10	0.00162562
7.97853e-10	0.00160753
7.98066e-10	0.00158952
7.98279e-10	0.00157158
7.98493e-10	0.00155373
7.98706e-10	0.00153595
7.9892e-10	0.00151826
7.99133e-10	0.00150066
7.99347e-10	0.00148313
7.9956e-10	0.0014657
7.99774e-10	0.00144834
7.99987e-10	0.00143108
8.002e-10	0.0014139
8.00414e-10	0.00139681
8.00627e-10	0.00137981
8.00841e-10	0.0013629
8.01054e-10	0.00134608
8.01268e-10	0.00132935
8.01481e-10	0.00131271
8.01695e-10	0.00129617
8.01908e-10	0.00127972
8.02121e-10	0.00126336
8.02335e-10	0.00124709
8.02548e-10	0.00123092
8.02762e-10	0.00121485
8.02975e-10	0.00119887
8.03189e-10	0.00118299
8.03402e-10	0.00116721
8.03616e-10	0.00115152
8.03829e-10	0.00113594
8.04042e-10	0.00112045
8.04256e-10	0.00110505
8.04469e-10	0.00108976
8.04683e-10	0.00107457
8.04896e-10	0.00105948
8.0511e-10	0.00104449
8.05323e-10	0.0010296
8.05537e-10	0.00101481
8.0575e-10	0.00100012
8.05963e-10	0.000985532
8.06177e-10	0.000971047
8.0639e-10	0.000956664
8.06604e-10	0.000942384
8.06817e-10	0.000928206
8.07031e-10	0.000914131
8.07244e-10	0.000900159
8.07458e-10	0.000886291
8.07671e-10	0.000872526
8.07884e-10	0.000858864
8.08098e-10	0.000845306
8.08311e-10	0.000831852
8.08525e-10	0.000818501
8.08738e-10	0.000805255
8.08952e-10	0.000792112
8.09165e-10	0.000779074
8.09379e-10	0.00076614
8.09592e-10	0.00075331
8.09805e-10	0.000740585
8.10019e-10	0.000727963
8.10232e-10	0.000715446
8.10446e-10	0.000703033
8.10659e-10	0.000690724
8.10873e-10	0.00067852
8.11086e-10	0.000666419
8.113e-10	0.000654423
8.11513e-10	0.00064253
8.11726e-10	0.000630742
8.1194e-10	0.000619057
8.12153e-10	0.000607475
8.12367e-10	0.000595998
8.1258e-10	0.000584623
8.12794e-10	0.000573352
8.13007e-10	0.000562184
8.13221e-10	0.000551119
8.13434e-10	0.000540157
8.13647e-10	0.000529297
8.13861e-10	0.00051854
8.14074e-10	0.000507885
8.14288e-10	0.000497332
8.14501e-10	0.00048688
8.14715e-10	0.00047653
8.14928e-10	0.000466282
8.15142e-10	0.000456134
8.15355e-10	0.000446087
8.15568e-10	0.00043614
8.15782e-10	0.000426294
8.15995e-10	0.000416548
8.16209e-10	0.000406901
8.16422e-10	0.000397354
8.16636e-10	0.000387905
8.16849e-10	0.000378556
8.17063e-10	0.000369304
8.17276e-10	0.000360151
8.17489e-10	0.000351095
8.17703e-10	0.000342137
8.17916e-10	0.000333276
8.1813e-10	0.000324511
8.18343e-10	0.000315842
8.18557e-10	0.00030727
8.1877e-10	0.000298793
8.18984e-10	0.000290411
8.19197e-10	0.000282123
8.1941e-10	0.000273931
8.19624e-10	0.000265832
8.19837e-10	0.000257826
8.20051e-10	0.000249914
8.20264e-10	0.000242094
8.20478e-10	0.000234366
8.20691e-10	0.00022673
8.20904e-10	0.000219186
8.21118e-10	0.000211732
8.21331e-10	0.000204369
8.21545e-10	0.000197096
8.21758e-10	0.000189913
8.21972e-10	0.000182818
8.22185e-10	0.000175812
8.22399e-10	0.000168895
8.22612e-10	0.000162065
8.22825e-10	0.000155322
8.23039e-10	0.000148666
8.23252e-10	0.000142096
8.23466e-10	0.000135612
8.23679e-10	0.000129213
8.23893e-10	0.000122899
8.24106e-10	0.000116669
8.2432e-10	0.000110523
8.24533e-10	0.00010446
8.24746e-10	9.84793e-05
8.2496e-10	9.25812e-05
8.25173e-10	8.67648e-05
8.25387e-10	8.10295e-05
8.256e-10	7.53749e-05
8.25814e-10	6.98005e-05
8.26027e-10	6.43056e-05
8.26241e-10	5.88897e-05
8.26454e-10	5.35524e-05
8.26667e-10	4.82931e-05
8.26881e-10	4.31113e-05
8.27094e-10	3.80064e-05
8.27308e-10	3.29778e-05
8.27521e-10	2.80251e-05
8.27735e-10	2.31478e-05
8.27948e-10	1.83452e-05
8.28162e-10	1.36168e-05
8.28375e-10	8.96205e-06
8.28588e-10	4.38045e-06
8.28802e-10	-1.28576e-07
8.29015e-10	-4.56557e-06
8.29229e-10	-8.93109e-06
8.29442e-10	-1.32257e-05
8.29656e-10	-1.74499e-05
8.29869e-10	-2.16043e-05
8.30083e-10	-2.56894e-05
8.30296e-10	-2.97059e-05
8.30509e-10	-3.36541e-05
8.30723e-10	-3.75348e-05
8.30936e-10	-4.13484e-05
8.3115e-10	-4.50955e-05
8.31363e-10	-4.87767e-05
8.31577e-10	-5.23925e-05
8.3179e-10	-5.59435e-05
8.32004e-10	-5.94302e-05
8.32217e-10	-6.28532e-05
8.3243e-10	-6.6213e-05
8.32644e-10	-6.95103e-05
8.32857e-10	-7.27454e-05
8.33071e-10	-7.59191e-05
8.33284e-10	-7.90319e-05
8.33498e-10	-8.20842e-05
8.33711e-10	-8.50767e-05
8.33925e-10	-8.801e-05
8.34138e-10	-9.08845e-05
8.34351e-10	-9.37008e-05
8.34565e-10	-9.64595e-05
8.34778e-10	-9.91611e-05
8.34992e-10	-0.000101806
8.35205e-10	-0.000104395
8.35419e-10	-0.000106929
8.35632e-10	-0.000109408
8.35846e-10	-0.000111832
8.36059e-10	-0.000114203
8.36272e-10	-0.00011652
8.36486e-10	-0.000118784
8.36699e-10	-0.000120997
8.36913e-10	-0.000123157
8.37126e-10	-0.000125267
8.3734e-10	-0.000127326
8.37553e-10	-0.000129335
8.37767e-10	-0.000131294
8.3798e-10	-0.000133205
8.38193e-10	-0.000135067
8.38407e-10	-0.000136881
8.3862e-10	-0.000138647
8.38834e-10	-0.000140367
8.39047e-10	-0.00014204
8.39261e-10	-0.000143668
8.39474e-10	-0.00014525
8.39688e-10	-0.000146787
8.39901e-10	-0.00014828
8.40114e-10	-0.000149729
8.40328e-10	-0.000151135
8.40541e-10	-0.000152498
8.40755e-10	-0.000153819
8.40968e-10	-0.000155097
8.41182e-10	-0.000156335
8.41395e-10	-0.000157532
8.41609e-10	-0.000158688
8.41822e-10	-0.000159805
8.42035e-10	-0.000160882
8.42249e-10	-0.000161921
8.42462e-10	-0.000162921
8.42676e-10	-0.000163883
8.42889e-10	-0.000164808
8.43103e-10	-0.000165696
8.43316e-10	-0.000166548
8.4353e-10	-0.000167363
8.43743e-10	-0.000168144
8.43956e-10	-0.000168889
8.4417e-10	-0.000169599
8.44383e-10	-0.000170275
8.44597e-10	-0.000170918
8.4481e-10	-0.000171528
8.45024e-10	-0.000172104
8.45237e-10	-0.000172649
8.45451e-10	-0.000173162
8.45664e-10	-0.000173643
8.45877e-10	-0.000174093
8.46091e-10	-0.000174513
8.46304e-10	-0.000174903
8.46518e-10	-0.000175263
8.46731e-10	-0.000175594
8.46945e-10	-0.000175896
8.47158e-10	-0.00017617
8.47372e-10	-0.000176415
8.47585e-10	-0.000176634
8.47798e-10	-0.000176825
8.48012e-10	-0.000176989
8.48225e-10	-0.000177127
8.48439e-10	-0.00017724
8.48652e-10	-0.000177327
8.48866e-10	-0.000177388
8.49079e-10	-0.000177425
8.49293e-10	-0.000177438
8.49506e-10	-0.000177427
8.49719e-10	-0.000177393
8.49933e-10	-0.000177335
8.50146e-10	-0.000177255
8.5036e-10	-0.000177152
8.50573e-10	-0.000177028
8.50787e-10	-0.000176881
8.51e-10	-0.000176714
8.51214e-10	-0.000176526
8.51427e-10	-0.000176317
8.5164e-10	-0.000176088
8.51854e-10	-0.000175839
8.52067e-10	-0.000175571
8.52281e-10	-0.000175284
8.52494e-10	-0.000174979
8.52708e-10	-0.000174654
8.52921e-10	-0.000174312
8.53134e-10	-0.000173953
8.53348e-10	-0.000173575
8.53561e-10	-0.000173181
8.53775e-10	-0.000172771
8.53988e-10	-0.000172343
8.54202e-10	-0.0001719
8.54415e-10	-0.000171441
8.54629e-10	-0.000170967
8.54842e-10	-0.000170478
8.55055e-10	-0.000169974
8.55269e-10	-0.000169456
8.55482e-10	-0.000168923
8.55696e-10	-0.000168377
8.55909e-10	-0.000167817
8.56123e-10	-0.000167244
8.56336e-10	-0.000166658
8.5655e-10	-0.00016606
8.56763e-10	-0.000165449
8.56976e-10	-0.000164826
8.5719e-10	-0.000164191
8.57403e-10	-0.000163545
8.57617e-10	-0.000162888
8.5783e-10	-0.000162219
8.58044e-10	-0.000161541
8.58257e-10	-0.000160851
8.58471e-10	-0.000160152
8.58684e-10	-0.000159442
8.58897e-10	-0.000158724
8.59111e-10	-0.000157995
8.59324e-10	-0.000157258
8.59538e-10	-0.000156512
8.59751e-10	-0.000155757
8.59965e-10	-0.000154994
8.60178e-10	-0.000154223
8.60392e-10	-0.000153444
8.60605e-10	-0.000152657
8.60818e-10	-0.000151863
8.61032e-10	-0.000151062
8.61245e-10	-0.000150254
8.61459e-10	-0.000149439
8.61672e-10	-0.000148617
8.61886e-10	-0.00014779
8.62099e-10	-0.000146956
8.62313e-10	-0.000146117
8.62526e-10	-0.000145272
8.62739e-10	-0.000144421
8.62953e-10	-0.000143566
8.63166e-10	-0.000142705
8.6338e-10	-0.00014184
8.63593e-10	-0.00014097
8.63807e-10	-0.000140095
8.6402e-10	-0.000139217
8.64234e-10	-0.000138334
8.64447e-10	-0.000137448
8.6466e-10	-0.000136558
8.64874e-10	-0.000135665
8.65087e-10	-0.000134768
8.65301e-10	-0.000133868
8.65514e-10	-0.000132965
8.65728e-10	-0.00013206
8.65941e-10	-0.000131152
8.66155e-10	-0.000130242
8.66368e-10	-0.000129329
8.66581e-10	-0.000128414
8.66795e-10	-0.000127498
8.67008e-10	-0.000126579
8.67222e-10	-0.00012566
8.67435e-10	-0.000124738
8.67649e-10	-0.000123816
8.67862e-10	-0.000122892
8.68076e-10	-0.000121967
