1.06722e-13	-0.000122246
3.20166e-13	-0.000123171
5.33609e-13	-0.000124094
7.47053e-13	-0.000125016
9.60497e-13	-0.000125937
1.17394e-12	-0.000126857
1.38738e-12	-0.000127775
1.60083e-12	-0.000128691
1.81427e-12	-0.000129605
2.02772e-12	-0.000130517
2.24116e-12	-0.000131426
2.4546e-12	-0.000132333
2.66805e-12	-0.000133238
2.88149e-12	-0.00013414
3.09493e-12	-0.000135039
3.30838e-12	-0.000135934
3.52182e-12	-0.000136827
3.73526e-12	-0.000137716
3.94871e-12	-0.000138601
4.16215e-12	-0.000139482
4.3756e-12	-0.00014036
4.58904e-12	-0.000141233
4.80248e-12	-0.000142101
5.01593e-12	-0.000142965
5.22937e-12	-0.000143824
5.44281e-12	-0.000144678
5.65626e-12	-0.000145527
5.8697e-12	-0.000146371
6.08315e-12	-0.000147208
6.29659e-12	-0.00014804
6.51003e-12	-0.000148866
6.72348e-12	-0.000149685
6.93692e-12	-0.000150498
7.15036e-12	-0.000151304
7.36381e-12	-0.000152103
7.57725e-12	-0.000152895
7.7907e-12	-0.000153679
8.00414e-12	-0.000154456
8.21758e-12	-0.000155225
8.43103e-12	-0.000155986
8.64447e-12	-0.000156738
8.85791e-12	-0.000157481
9.07136e-12	-0.000158216
9.2848e-12	-0.000158941
9.49824e-12	-0.000159657
9.71169e-12	-0.000160364
9.92513e-12	-0.00016106
1.01386e-11	-0.000161747
1.0352e-11	-0.000162422
1.05655e-11	-0.000163087
1.07789e-11	-0.000163741
1.09924e-11	-0.000164384
1.12058e-11	-0.000165015
1.14192e-11	-0.000165635
1.16327e-11	-0.000166242
1.18461e-11	-0.000166836
1.20596e-11	-0.000167419
1.2273e-11	-0.000167988
1.24865e-11	-0.000168543
1.26999e-11	-0.000169085
1.29133e-11	-0.000169614
1.31268e-11	-0.000170128
1.33402e-11	-0.000170627
1.35537e-11	-0.000171112
1.37671e-11	-0.000171582
1.39806e-11	-0.000172036
1.4194e-11	-0.000172474
1.44075e-11	-0.000172896
1.46209e-11	-0.000173302
1.48343e-11	-0.000173691
1.50478e-11	-0.000174063
1.52612e-11	-0.000174417
1.54747e-11	-0.000174754
1.56881e-11	-0.000175073
1.59016e-11	-0.000175373
1.6115e-11	-0.000175654
1.63284e-11	-0.000175917
1.65419e-11	-0.000176159
1.67553e-11	-0.000176382
1.69688e-11	-0.000176585
1.71822e-11	-0.000176767
1.73957e-11	-0.000176928
1.76091e-11	-0.000177067
1.78225e-11	-0.000177185
1.8036e-11	-0.000177281
1.82494e-11	-0.000177355
1.84629e-11	-0.000177406
1.86763e-11	-0.000177433
1.88898e-11	-0.000177437
1.91032e-11	-0.000177417
1.93167e-11	-0.000177372
1.95301e-11	-0.000177303
1.97435e-11	-0.000177208
1.9957e-11	-0.000177088
2.01704e-11	-0.000176942
2.03839e-11	-0.00017677
2.05973e-11	-0.000176571
2.08108e-11	-0.000176344
2.10242e-11	-0.00017609
2.12376e-11	-0.000175808
2.14511e-11	-0.000175497
2.16645e-11	-0.000175157
2.1878e-11	-0.000174788
2.20914e-11	-0.00017439
2.23049e-11	-0.000173961
2.25183e-11	-0.000173501
2.27318e-11	-0.00017301
2.29452e-11	-0.000172488
2.31586e-11	-0.000171934
2.33721e-11	-0.000171347
2.35855e-11	-0.000170728
2.3799e-11	-0.000170075
2.40124e-11	-0.000169388
2.42259e-11	-0.000168667
2.44393e-11	-0.000167912
2.46527e-11	-0.000167121
2.48662e-11	-0.000166295
2.50796e-11	-0.000165432
2.52931e-11	-0.000164533
2.55065e-11	-0.000163597
2.572e-11	-0.000162623
2.59334e-11	-0.000161612
2.61469e-11	-0.000160561
2.63603e-11	-0.000159472
2.65737e-11	-0.000158344
2.67872e-11	-0.000157175
2.70006e-11	-0.000155966
2.72141e-11	-0.000154716
2.74275e-11	-0.000153424
2.7641e-11	-0.000152091
2.78544e-11	-0.000150715
2.80678e-11	-0.000149296
2.82813e-11	-0.000147834
2.84947e-11	-0.000146328
2.87082e-11	-0.000144777
2.89216e-11	-0.000143181
2.91351e-11	-0.00014154
2.93485e-11	-0.000139853
2.9562e-11	-0.000138119
2.97754e-11	-0.000136338
2.99888e-11	-0.00013451
3.02023e-11	-0.000132633
3.04157e-11	-0.000130708
3.06292e-11	-0.000128734
3.08426e-11	-0.00012671
3.10561e-11	-0.000124636
3.12695e-11	-0.000122511
3.14829e-11	-0.000120335
3.16964e-11	-0.000118107
3.19098e-11	-0.000115826
3.21233e-11	-0.000113493
3.23367e-11	-0.000111106
3.25502e-11	-0.000108665
3.27636e-11	-0.00010617
3.29771e-11	-0.00010362
3.31905e-11	-0.000101014
3.34039e-11	-9.83519e-05
3.36174e-11	-9.56331e-05
3.38308e-11	-9.28571e-05
3.40443e-11	-9.00233e-05
3.42577e-11	-8.71311e-05
3.44712e-11	-8.418e-05
3.46846e-11	-8.11695e-05
3.4898e-11	-7.8099e-05
3.51115e-11	-7.49679e-05
3.53249e-11	-7.17758e-05
3.55384e-11	-6.85219e-05
3.57518e-11	-6.52059e-05
3.59653e-11	-6.1827e-05
3.61787e-11	-5.83849e-05
3.63922e-11	-5.48788e-05
3.66056e-11	-5.13083e-05
3.6819e-11	-4.76729e-05
3.70325e-11	-4.39719e-05
3.72459e-11	-4.02047e-05
3.74594e-11	-3.63709e-05
3.76728e-11	-3.24699e-05
3.78863e-11	-2.85012e-05
3.80997e-11	-2.44641e-05
3.83131e-11	-2.03581e-05
3.85266e-11	-1.61827e-05
3.874e-11	-1.19373e-05
3.89535e-11	-7.62134e-06
3.91669e-11	-3.23431e-06
3.93804e-11	1.22436e-06
3.95938e-11	5.75522e-06
3.98073e-11	1.03588e-05
4.00207e-11	1.50357e-05
4.02341e-11	1.97865e-05
4.04476e-11	2.46116e-05
4.0661e-11	2.95116e-05
4.08745e-11	3.44871e-05
4.10879e-11	3.95386e-05
4.13014e-11	4.46667e-05
4.15148e-11	4.98719e-05
4.17282e-11	5.51547e-05
4.19417e-11	6.05156e-05
4.21551e-11	6.59552e-05
4.23686e-11	7.14741e-05
4.2582e-11	7.70727e-05
4.27955e-11	8.27516e-05
4.30089e-11	8.85112e-05
4.32224e-11	9.43522e-05
4.34358e-11	0.000100275
4.36492e-11	0.00010628
4.38627e-11	0.000112368
4.40761e-11	0.00011854
4.42896e-11	0.000124795
4.4503e-11	0.000131135
4.47165e-11	0.000137559
4.49299e-11	0.000144069
4.51433e-11	0.000150665
4.53568e-11	0.000157347
4.55702e-11	0.000164116
4.57837e-11	0.000170973
4.59971e-11	0.000177917
4.62106e-11	0.00018495
4.6424e-11	0.000192071
4.66374e-11	0.000199281
4.68509e-11	0.000206582
4.70643e-11	0.000213972
4.72778e-11	0.000221453
4.74912e-11	0.000229025
4.77047e-11	0.000236688
4.79181e-11	0.000244444
4.81316e-11	0.000252291
4.8345e-11	0.000260232
4.85584e-11	0.000268265
4.87719e-11	0.000276393
4.89853e-11	0.000284614
4.91988e-11	0.00029293
4.94122e-11	0.000301341
4.96257e-11	0.000309846
4.98391e-11	0.000318448
5.00525e-11	0.000327145
5.0266e-11	0.000335939
5.04794e-11	0.00034483
5.06929e-11	0.000353817
5.09063e-11	0.000362902
5.11198e-11	0.000372085
5.13332e-11	0.000381366
5.15467e-11	0.000390746
5.17601e-11	0.000400224
5.19735e-11	0.000409801
5.2187e-11	0.000419478
5.24004e-11	0.000429255
5.26139e-11	0.000439131
5.28273e-11	0.000449108
5.30408e-11	0.000459185
5.32542e-11	0.000469363
5.34676e-11	0.000479643
5.36811e-11	0.000490023
5.38945e-11	0.000500505
5.4108e-11	0.000511089
5.43214e-11	0.000521775
5.45349e-11	0.000532563
5.47483e-11	0.000543454
5.49618e-11	0.000554447
5.51752e-11	0.000565543
5.53886e-11	0.000576742
5.56021e-11	0.000588045
5.58155e-11	0.00059945
5.6029e-11	0.000610959
5.62424e-11	0.000622572
5.64559e-11	0.000634288
5.66693e-11	0.000646108
5.68827e-11	0.000658032
5.70962e-11	0.00067006
5.73096e-11	0.000682191
5.75231e-11	0.000694427
5.77365e-11	0.000706768
5.795e-11	0.000719212
5.81634e-11	0.000731761
5.83769e-11	0.000744414
5.85903e-11	0.000757171
5.88037e-11	0.000770032
5.90172e-11	0.000782997
5.92306e-11	0.000796067
5.94441e-11	0.000809241
5.96575e-11	0.000822519
5.9871e-11	0.0008359
6.00844e-11	0.000849386
6.02978e-11	0.000862975
6.05113e-11	0.000876668
6.07247e-11	0.000890465
6.09382e-11	0.000904364
6.11516e-11	0.000918367
6.13651e-11	0.000932473
6.15785e-11	0.000946682
6.1792e-11	0.000960993
6.20054e-11	0.000975407
6.22188e-11	0.000989922
6.24323e-11	0.00100454
6.26457e-11	0.00101926
6.28592e-11	0.00103408
6.30726e-11	0.001049
6.32861e-11	0.00106402
6.34995e-11	0.00107914
6.37129e-11	0.00109437
6.39264e-11	0.00110969
6.41398e-11	0.00112511
6.43533e-11	0.00114063
6.45667e-11	0.00115625
6.47802e-11	0.00117196
6.49936e-11	0.00118778
6.52071e-11	0.00120368
6.54205e-11	0.00121969
6.56339e-11	0.00123579
6.58474e-11	0.00125199
6.60608e-11	0.00126828
6.62743e-11	0.00128467
6.64877e-11	0.00130115
6.67012e-11	0.00131772
6.69146e-11	0.00133439
6.7128e-11	0.00135114
6.73415e-11	0.00136799
6.75549e-11	0.00138493
6.77684e-11	0.00140196
6.79818e-11	0.00141907
6.81953e-11	0.00143628
6.84087e-11	0.00145357
6.86222e-11	0.00147095
6.88356e-11	0.00148841
6.9049e-11	0.00150596
6.92625e-11	0.00152359
6.94759e-11	0.00154131
6.96894e-11	0.00155911
6.99028e-11	0.00157698
7.01163e-11	0.00159494
7.03297e-11	0.00161298
7.05431e-11	0.0016311
7.07566e-11	0.00164929
7.097e-11	0.00166756
7.11835e-11	0.0016859
7.13969e-11	0.00170432
7.16104e-11	0.00172281
7.18238e-11	0.00174137
7.20373e-11	0.00176001
7.22507e-11	0.00177871
7.24641e-11	0.00179748
7.26776e-11	0.00181631
7.2891e-11	0.00183522
7.31045e-11	0.00185418
7.33179e-11	0.00187321
7.35314e-11	0.0018923
7.37448e-11	0.00191145
7.39582e-11	0.00193066
7.41717e-11	0.00194993
7.43851e-11	0.00196925
7.45986e-11	0.00198863
7.4812e-11	0.00200805
7.50255e-11	0.00202753
7.52389e-11	0.00204706
7.54524e-11	0.00206664
7.56658e-11	0.00208627
7.58792e-11	0.00210593
7.60927e-11	0.00212565
7.63061e-11	0.0021454
7.65196e-11	0.00216519
7.6733e-11	0.00218502
7.69465e-11	0.00220489
7.71599e-11	0.00222479
7.73733e-11	0.00224472
7.75868e-11	0.00226469
7.78002e-11	0.00228468
7.80137e-11	0.0023047
7.82271e-11	0.00232474
7.84406e-11	0.00234481
7.8654e-11	0.0023649
7.88674e-11	0.002385
7.90809e-11	0.00240513
7.92943e-11	0.00242526
7.95078e-11	0.00244541
7.97212e-11	0.00246557
7.99347e-11	0.00248574
8.01481e-11	0.00250591
8.03616e-11	0.00252608
8.0575e-11	0.00254626
8.07884e-11	0.00256644
8.10019e-11	0.00258661
8.12153e-11	0.00260677
8.14288e-11	0.00262693
8.16422e-11	0.00264708
8.18557e-11	0.00266721
8.20691e-11	0.00268733
8.22825e-11	0.00270743
8.2496e-11	0.0027275
8.27094e-11	0.00274756
8.29229e-11	0.00276758
8.31363e-11	0.00278758
8.33498e-11	0.00280755
8.35632e-11	0.00282748
8.37767e-11	0.00284737
8.39901e-11	0.00286723
8.42035e-11	0.00288704
8.4417e-11	0.0029068
8.46304e-11	0.00292652
8.48439e-11	0.00294619
8.50573e-11	0.0029658
8.52708e-11	0.00298535
8.54842e-11	0.00300484
8.56976e-11	0.00302427
8.59111e-11	0.00304363
8.61245e-11	0.00306292
8.6338e-11	0.00308214
8.65514e-11	0.00310128
8.67649e-11	0.00312034
8.69783e-11	0.00313932
8.71918e-11	0.00315821
8.74052e-11	0.00317701
8.76186e-11	0.00319572
8.78321e-11	0.00321433
8.80455e-11	0.00323285
8.8259e-11	0.00325126
8.84724e-11	0.00326956
8.86859e-11	0.00328775
8.88993e-11	0.00330583
8.91127e-11	0.00332379
8.93262e-11	0.00334163
8.95396e-11	0.00335934
8.97531e-11	0.00337693
8.99665e-11	0.00339438
9.018e-11	0.0034117
9.03934e-11	0.00342887
9.06069e-11	0.00344591
9.08203e-11	0.00346279
9.10337e-11	0.00347952
9.12472e-11	0.0034961
9.14606e-11	0.00351252
9.16741e-11	0.00352877
9.18875e-11	0.00354486
9.2101e-11	0.00356077
9.23144e-11	0.00357651
9.25278e-11	0.00359207
9.27413e-11	0.00360744
9.29547e-11	0.00362263
9.31682e-11	0.00363762
9.33816e-11	0.00365241
9.35951e-11	0.00366701
9.38085e-11	0.00368139
9.4022e-11	0.00369557
9.42354e-11	0.00370954
9.44488e-11	0.00372328
9.46623e-11	0.0037368
9.48757e-11	0.00375009
9.50892e-11	0.00376315
9.53026e-11	0.00377597
9.55161e-11	0.00378856
9.57295e-11	0.00380089
9.59429e-11	0.00381297
9.61564e-11	0.0038248
9.63698e-11	0.00383637
9.65833e-11	0.00384767
9.67967e-11	0.0038587
9.70102e-11	0.00386946
9.72236e-11	0.00387994
9.74371e-11	0.00389013
9.76505e-11	0.00390003
9.78639e-11	0.00390964
9.80774e-11	0.00391895
9.82908e-11	0.00392795
9.85043e-11	0.00393665
9.87177e-11	0.00394503
9.89312e-11	0.00395309
9.91446e-11	0.00396082
9.9358e-11	0.00396823
9.95715e-11	0.0039753
9.97849e-11	0.00398203
9.99984e-11	0.00398841
1.00212e-10	0.00399444
1.00425e-10	0.00400012
1.00639e-10	0.00400543
1.00852e-10	0.00401038
1.01066e-10	0.00401496
1.01279e-10	0.00401916
1.01492e-10	0.00402297
1.01706e-10	0.0040264
1.01919e-10	0.00402943
1.02133e-10	0.00403207
1.02346e-10	0.0040343
1.0256e-10	0.00403611
1.02773e-10	0.00403752
1.02987e-10	0.0040385
1.032e-10	0.00403905
1.03413e-10	0.00403917
1.03627e-10	0.00403885
1.0384e-10	0.00403809
1.04054e-10	0.00403688
1.04267e-10	0.00403521
1.04481e-10	0.00403308
1.04694e-10	0.00403048
1.04908e-10	0.00402741
1.05121e-10	0.00402386
1.05334e-10	0.00401983
1.05548e-10	0.00401531
1.05761e-10	0.00401029
1.05975e-10	0.00400477
1.06188e-10	0.00399874
1.06402e-10	0.00399219
1.06615e-10	0.00398513
1.06829e-10	0.00397754
1.07042e-10	0.00396942
1.07255e-10	0.00396076
1.07469e-10	0.00395156
1.07682e-10	0.00394181
1.07896e-10	0.0039315
1.08109e-10	0.00392063
1.08323e-10	0.0039092
1.08536e-10	0.00389719
1.0875e-10	0.0038846
1.08963e-10	0.00387142
1.09176e-10	0.00385765
1.0939e-10	0.00384329
1.09603e-10	0.00382832
1.09817e-10	0.00381274
1.1003e-10	0.00379655
1.10244e-10	0.00377973
1.10457e-10	0.00376228
1.10671e-10	0.0037442
1.10884e-10	0.00372548
1.11097e-10	0.00370611
1.11311e-10	0.00368609
1.11524e-10	0.00366541
1.11738e-10	0.00364407
1.11951e-10	0.00362205
1.12165e-10	0.00359936
1.12378e-10	0.00357598
1.12592e-10	0.00355192
1.12805e-10	0.00352716
1.13018e-10	0.00350169
1.13232e-10	0.00347552
1.13445e-10	0.00344863
1.13659e-10	0.00342103
1.13872e-10	0.0033927
1.14086e-10	0.00336363
1.14299e-10	0.00333383
1.14513e-10	0.00330328
1.14726e-10	0.00327198
1.14939e-10	0.00323993
1.15153e-10	0.00320711
1.15366e-10	0.00317352
1.1558e-10	0.00313916
1.15793e-10	0.00310402
1.16007e-10	0.00306809
1.1622e-10	0.00303137
1.16434e-10	0.00299385
1.16647e-10	0.00295552
1.1686e-10	0.00291638
1.17074e-10	0.00287643
1.17287e-10	0.00283565
1.17501e-10	0.00279405
1.17714e-10	0.00275161
1.17928e-10	0.00270833
1.18141e-10	0.00266421
1.18355e-10	0.00261923
1.18568e-10	0.0025734
1.18781e-10	0.0025267
1.18995e-10	0.00247913
1.19208e-10	0.00243069
1.19422e-10	0.00238137
1.19635e-10	0.00233116
1.19849e-10	0.00228006
1.20062e-10	0.00222806
1.20276e-10	0.00217516
1.20489e-10	0.00212135
1.20702e-10	0.00206663
1.20916e-10	0.00201099
1.21129e-10	0.00195442
1.21343e-10	0.00189692
1.21556e-10	0.00183849
1.2177e-10	0.00177912
1.21983e-10	0.0017188
1.22197e-10	0.00165753
1.2241e-10	0.0015953
1.22623e-10	0.00153211
1.22837e-10	0.00146796
1.2305e-10	0.00140283
1.23264e-10	0.00133672
1.23477e-10	0.00126964
1.23691e-10	0.00120157
1.23904e-10	0.0011325
1.24118e-10	0.00106244
1.24331e-10	0.000991381
1.24544e-10	0.000919314
1.24758e-10	0.000846237
1.24971e-10	0.000772144
1.25185e-10	0.000697032
1.25398e-10	0.000620896
1.25612e-10	0.000543732
1.25825e-10	0.000465534
1.26039e-10	0.0003863
1.26252e-10	0.000306024
1.26465e-10	0.000224703
1.26679e-10	0.000142331
1.26892e-10	5.89066e-05
1.27106e-10	-2.5576e-05
1.27319e-10	-0.00011112
1.27533e-10	-0.00019773
1.27746e-10	-0.000285409
1.2796e-10	-0.000374161
1.28173e-10	-0.000463989
1.28386e-10	-0.000554898
1.286e-10	-0.00064689
1.28813e-10	-0.00073997
1.29027e-10	-0.00083414
1.2924e-10	-0.000929403
1.29454e-10	-0.00102576
1.29667e-10	-0.00112322
1.2988e-10	-0.00122179
1.30094e-10	-0.00132146
1.30307e-10	-0.00142223
1.30521e-10	-0.00152412
1.30734e-10	-0.00162713
1.30948e-10	-0.00173125
1.31161e-10	-0.00183649
1.31375e-10	-0.00194285
1.31588e-10	-0.00205033
1.31801e-10	-0.00215894
1.32015e-10	-0.00226868
1.32228e-10	-0.00237955
1.32442e-10	-0.00249155
1.32655e-10	-0.00260469
1.32869e-10	-0.00271896
1.33082e-10	-0.00283437
1.33296e-10	-0.00295091
1.33509e-10	-0.0030686
1.33722e-10	-0.00318743
1.33936e-10	-0.0033074
1.34149e-10	-0.00342852
1.34363e-10	-0.00355078
1.34576e-10	-0.00367419
1.3479e-10	-0.00379874
1.35003e-10	-0.00392444
1.35217e-10	-0.00405129
1.3543e-10	-0.00417929
1.35643e-10	-0.00430843
1.35857e-10	-0.00443873
1.3607e-10	-0.00457017
1.36284e-10	-0.00470276
1.36497e-10	-0.0048365
1.36711e-10	-0.00497139
1.36924e-10	-0.00510742
1.37138e-10	-0.00524461
1.37351e-10	-0.00538294
1.37564e-10	-0.00552241
1.37778e-10	-0.00566303
1.37991e-10	-0.0058048
1.38205e-10	-0.0059477
1.38418e-10	-0.00609175
1.38632e-10	-0.00623694
1.38845e-10	-0.00638327
1.39059e-10	-0.00653073
1.39272e-10	-0.00667933
1.39485e-10	-0.00682906
1.39699e-10	-0.00697992
1.39912e-10	-0.0071319
1.40126e-10	-0.00728502
1.40339e-10	-0.00743926
1.40553e-10	-0.00759461
1.40766e-10	-0.00775109
1.4098e-10	-0.00790868
1.41193e-10	-0.00806738
1.41406e-10	-0.00822719
1.4162e-10	-0.0083881
1.41833e-10	-0.00855011
1.42047e-10	-0.00871322
1.4226e-10	-0.00887743
1.42474e-10	-0.00904272
1.42687e-10	-0.0092091
1.42901e-10	-0.00937655
1.43114e-10	-0.00954509
1.43327e-10	-0.00971469
1.43541e-10	-0.00988536
1.43754e-10	-0.0100571
1.43968e-10	-0.0102299
1.44181e-10	-0.0104037
1.44395e-10	-0.0105786
1.44608e-10	-0.0107545
1.44822e-10	-0.0109315
1.45035e-10	-0.0111094
1.45248e-10	-0.0112884
1.45462e-10	-0.0114685
1.45675e-10	-0.0116495
1.45889e-10	-0.0118315
1.46102e-10	-0.0120145
1.46316e-10	-0.0121985
1.46529e-10	-0.0123835
1.46743e-10	-0.0125694
1.46956e-10	-0.0127564
1.47169e-10	-0.0129442
1.47383e-10	-0.0131331
1.47596e-10	-0.0133228
1.4781e-10	-0.0135135
1.48023e-10	-0.0137051
1.48237e-10	-0.0138977
1.4845e-10	-0.0140911
1.48664e-10	-0.0142854
1.48877e-10	-0.0144806
1.4909e-10	-0.0146767
1.49304e-10	-0.0148737
1.49517e-10	-0.0150715
1.49731e-10	-0.0152702
1.49944e-10	-0.0154697
1.50158e-10	-0.01567
1.50371e-10	-0.0158711
1.50585e-10	-0.0160731
1.50798e-10	-0.0162758
1.51011e-10	-0.0164793
1.51225e-10	-0.0166836
1.51438e-10	-0.0168887
1.51652e-10	-0.0170945
1.51865e-10	-0.017301
1.52079e-10	-0.0175082
1.52292e-10	-0.0177162
1.52506e-10	-0.0179248
1.52719e-10	-0.0181342
1.52932e-10	-0.0183442
1.53146e-10	-0.0185549
1.53359e-10	-0.0187662
1.53573e-10	-0.0189781
1.53786e-10	-0.0191907
1.54e-10	-0.0194038
1.54213e-10	-0.0196176
1.54427e-10	-0.0198319
1.5464e-10	-0.0200467
1.54853e-10	-0.0202622
1.55067e-10	-0.0204781
1.5528e-10	-0.0206946
1.55494e-10	-0.0209115
1.55707e-10	-0.0211289
1.55921e-10	-0.0213468
1.56134e-10	-0.0215652
1.56348e-10	-0.0217839
1.56561e-10	-0.0220031
1.56774e-10	-0.0222227
1.56988e-10	-0.0224427
1.57201e-10	-0.022663
1.57415e-10	-0.0228836
1.57628e-10	-0.0231046
1.57842e-10	-0.0233259
1.58055e-10	-0.0235475
1.58269e-10	-0.0237694
1.58482e-10	-0.0239915
1.58695e-10	-0.0242139
1.58909e-10	-0.0244364
1.59122e-10	-0.0246592
1.59336e-10	-0.0248821
1.59549e-10	-0.0251052
1.59763e-10	-0.0253284
1.59976e-10	-0.0255518
1.6019e-10	-0.0257752
1.60403e-10	-0.0259987
1.60616e-10	-0.0262223
1.6083e-10	-0.0264459
1.61043e-10	-0.0266695
1.61257e-10	-0.026893
1.6147e-10	-0.0271166
1.61684e-10	-0.0273401
1.61897e-10	-0.0275635
1.6211e-10	-0.0277869
1.62324e-10	-0.0280101
1.62537e-10	-0.0282331
1.62751e-10	-0.028456
1.62964e-10	-0.0286787
1.63178e-10	-0.0289012
1.63391e-10	-0.0291234
1.63605e-10	-0.0293454
1.63818e-10	-0.0295671
1.64031e-10	-0.0297884
1.64245e-10	-0.0300095
1.64458e-10	-0.0302301
1.64672e-10	-0.0304504
1.64885e-10	-0.0306703
1.65099e-10	-0.0308897
1.65312e-10	-0.0311087
1.65526e-10	-0.0313272
1.65739e-10	-0.0315452
1.65952e-10	-0.0317626
1.66166e-10	-0.0319794
1.66379e-10	-0.0321957
1.66593e-10	-0.0324113
1.66806e-10	-0.0326263
1.6702e-10	-0.0328406
1.67233e-10	-0.0330542
1.67447e-10	-0.0332671
1.6766e-10	-0.0334792
1.67873e-10	-0.0336905
1.68087e-10	-0.033901
1.683e-10	-0.0341106
1.68514e-10	-0.0343194
1.68727e-10	-0.0345273
1.68941e-10	-0.0347342
1.69154e-10	-0.0349402
1.69368e-10	-0.0351451
1.69581e-10	-0.0353491
1.69794e-10	-0.035552
1.70008e-10	-0.0357538
1.70221e-10	-0.0359545
1.70435e-10	-0.036154
1.70648e-10	-0.0363524
1.70862e-10	-0.0365496
1.71075e-10	-0.0367455
1.71289e-10	-0.0369402
1.71502e-10	-0.0371336
1.71715e-10	-0.0373256
1.71929e-10	-0.0375163
1.72142e-10	-0.0377055
1.72356e-10	-0.0378934
1.72569e-10	-0.0380798
1.72783e-10	-0.0382647
1.72996e-10	-0.038448
1.7321e-10	-0.0386298
1.73423e-10	-0.03881
1.73636e-10	-0.0389886
1.7385e-10	-0.0391655
1.74063e-10	-0.0393408
1.74277e-10	-0.0395143
1.7449e-10	-0.039686
1.74704e-10	-0.0398559
1.74917e-10	-0.0400241
1.75131e-10	-0.0401903
1.75344e-10	-0.0403547
1.75557e-10	-0.0405171
1.75771e-10	-0.0406775
1.75984e-10	-0.040836
1.76198e-10	-0.0409924
1.76411e-10	-0.0411468
1.76625e-10	-0.041299
1.76838e-10	-0.0414491
1.77052e-10	-0.041597
1.77265e-10	-0.0417427
1.77478e-10	-0.0418861
1.77692e-10	-0.0420273
1.77905e-10	-0.0421661
1.78119e-10	-0.0423026
1.78332e-10	-0.0424366
1.78546e-10	-0.0425683
1.78759e-10	-0.0426975
1.78973e-10	-0.0428241
1.79186e-10	-0.0429482
1.79399e-10	-0.0430698
1.79613e-10	-0.0431887
1.79826e-10	-0.043305
1.8004e-10	-0.0434186
1.80253e-10	-0.0435294
1.80467e-10	-0.0436375
1.8068e-10	-0.0437428
1.80894e-10	-0.0438452
1.81107e-10	-0.0439448
1.8132e-10	-0.0440414
1.81534e-10	-0.0441351
1.81747e-10	-0.0442258
1.81961e-10	-0.0443135
1.82174e-10	-0.0443981
1.82388e-10	-0.0444796
1.82601e-10	-0.0445579
1.82815e-10	-0.0446331
1.83028e-10	-0.0447051
1.83241e-10	-0.0447738
1.83455e-10	-0.0448392
1.83668e-10	-0.0449012
1.83882e-10	-0.0449599
1.84095e-10	-0.0450152
1.84309e-10	-0.045067
1.84522e-10	-0.0451153
1.84736e-10	-0.0451601
1.84949e-10	-0.0452014
1.85162e-10	-0.045239
1.85376e-10	-0.045273
1.85589e-10	-0.0453034
1.85803e-10	-0.04533
1.86016e-10	-0.0453528
1.8623e-10	-0.0453718
1.86443e-10	-0.0453871
1.86657e-10	-0.0453984
1.8687e-10	-0.0454058
1.87083e-10	-0.0454093
1.87297e-10	-0.0454088
1.8751e-10	-0.0454043
1.87724e-10	-0.0453957
1.87937e-10	-0.045383
1.88151e-10	-0.0453661
1.88364e-10	-0.0453451
1.88578e-10	-0.0453198
1.88791e-10	-0.0452904
1.89004e-10	-0.0452566
1.89218e-10	-0.0452184
1.89431e-10	-0.045176
1.89645e-10	-0.0451291
1.89858e-10	-0.0450777
1.90072e-10	-0.0450219
1.90285e-10	-0.0449616
1.90499e-10	-0.0448967
1.90712e-10	-0.0448272
1.90925e-10	-0.0447531
1.91139e-10	-0.0446743
1.91352e-10	-0.0445908
1.91566e-10	-0.0445025
1.91779e-10	-0.0444095
1.91993e-10	-0.0443117
1.92206e-10	-0.044209
1.9242e-10	-0.0441014
1.92633e-10	-0.043989
1.92846e-10	-0.0438715
1.9306e-10	-0.043749
1.93273e-10	-0.0436216
1.93487e-10	-0.043489
1.937e-10	-0.0433514
1.93914e-10	-0.0432086
1.94127e-10	-0.0430606
1.9434e-10	-0.0429074
1.94554e-10	-0.042749
1.94767e-10	-0.0425853
1.94981e-10	-0.0424163
1.95194e-10	-0.042242
1.95408e-10	-0.0420623
1.95621e-10	-0.0418771
1.95835e-10	-0.0416866
1.96048e-10	-0.0414905
1.96261e-10	-0.0412889
1.96475e-10	-0.0410818
1.96688e-10	-0.0408691
1.96902e-10	-0.0406508
1.97115e-10	-0.0404268
1.97329e-10	-0.0401972
1.97542e-10	-0.0399619
1.97756e-10	-0.0397208
1.97969e-10	-0.039474
1.98182e-10	-0.0392214
1.98396e-10	-0.0389629
1.98609e-10	-0.0386986
1.98823e-10	-0.0384284
1.99036e-10	-0.0381523
1.9925e-10	-0.0378702
1.99463e-10	-0.0375822
1.99677e-10	-0.0372881
1.9989e-10	-0.036988
2.00103e-10	-0.0366819
2.00317e-10	-0.0363696
2.0053e-10	-0.0360513
2.00744e-10	-0.0357268
2.00957e-10	-0.0353962
2.01171e-10	-0.0350593
2.01384e-10	-0.0347162
2.01598e-10	-0.0343669
2.01811e-10	-0.0340113
2.02024e-10	-0.0336494
2.02238e-10	-0.0332812
2.02451e-10	-0.0329067
2.02665e-10	-0.0325258
2.02878e-10	-0.0321384
2.03092e-10	-0.0317447
2.03305e-10	-0.0313446
2.03519e-10	-0.0309379
2.03732e-10	-0.0305248
2.03945e-10	-0.0301052
2.04159e-10	-0.0296791
2.04372e-10	-0.0292464
2.04586e-10	-0.0288072
2.04799e-10	-0.0283614
2.05013e-10	-0.027909
2.05226e-10	-0.02745
2.0544e-10	-0.0269843
2.05653e-10	-0.026512
2.05866e-10	-0.026033
2.0608e-10	-0.0255473
2.06293e-10	-0.025055
2.06507e-10	-0.0245559
2.0672e-10	-0.02405
2.06934e-10	-0.0235375
2.07147e-10	-0.0230181
2.07361e-10	-0.022492
2.07574e-10	-0.0219591
2.07787e-10	-0.0214194
2.08001e-10	-0.0208729
2.08214e-10	-0.0203196
2.08428e-10	-0.0197594
2.08641e-10	-0.0191924
2.08855e-10	-0.0186185
2.09068e-10	-0.0180378
2.09282e-10	-0.0174501
2.09495e-10	-0.0168557
2.09708e-10	-0.0162543
2.09922e-10	-0.015646
2.10135e-10	-0.0150308
2.10349e-10	-0.0144087
2.10562e-10	-0.0137797
2.10776e-10	-0.0131438
2.10989e-10	-0.012501
2.11203e-10	-0.0118513
2.11416e-10	-0.0111946
2.11629e-10	-0.010531
2.11843e-10	-0.00986043
2.12056e-10	-0.00918297
2.1227e-10	-0.00849857
2.12483e-10	-0.00780725
2.12697e-10	-0.00710899
2.1291e-10	-0.00640381
2.13124e-10	-0.00569171
2.13337e-10	-0.00497268
2.1355e-10	-0.00424674
2.13764e-10	-0.00351389
2.13977e-10	-0.00277413
2.14191e-10	-0.00202747
2.14404e-10	-0.00127392
2.14618e-10	-0.000513475
2.14831e-10	0.000253846
2.15045e-10	0.00102804
2.15258e-10	0.00180909
2.15471e-10	0.00259699
2.15685e-10	0.00339173
2.15898e-10	0.0041933
2.16112e-10	0.00500169
2.16325e-10	0.00581688
2.16539e-10	0.00663886
2.16752e-10	0.00746761
2.16966e-10	0.00830312
2.17179e-10	0.00914538
2.17392e-10	0.00999436
2.17606e-10	0.0108501
2.17819e-10	0.0117124
2.18033e-10	0.0125815
2.18246e-10	0.0134572
2.1846e-10	0.0143395
2.18673e-10	0.0152285
2.18887e-10	0.016124
2.191e-10	0.0170261
2.19313e-10	0.0179347
2.19527e-10	0.0188499
2.1974e-10	0.0197716
2.19954e-10	0.0206997
2.20167e-10	0.0216342
2.20381e-10	0.0225752
2.20594e-10	0.0235225
2.20808e-10	0.0244762
2.21021e-10	0.0254362
2.21234e-10	0.0264025
2.21448e-10	0.0273751
2.21661e-10	0.0283539
2.21875e-10	0.0293389
2.22088e-10	0.03033
2.22302e-10	0.0313273
2.22515e-10	0.0323307
2.22729e-10	0.0333401
2.22942e-10	0.0343555
2.23155e-10	0.0353769
2.23369e-10	0.0364042
2.23582e-10	0.0374375
2.23796e-10	0.0384766
2.24009e-10	0.0395214
2.24223e-10	0.0405721
2.24436e-10	0.0416285
2.2465e-10	0.0426906
2.24863e-10	0.0437583
2.25076e-10	0.0448316
2.2529e-10	0.0459104
2.25503e-10	0.0469948
2.25717e-10	0.0480845
2.2593e-10	0.0491797
2.26144e-10	0.0502802
2.26357e-10	0.051386
2.2657e-10	0.0524971
2.26784e-10	0.0536133
2.26997e-10	0.0547347
2.27211e-10	0.0558612
2.27424e-10	0.0569927
2.27638e-10	0.0581291
2.27851e-10	0.0592704
2.28065e-10	0.0604167
2.28278e-10	0.0615676
2.28491e-10	0.0627234
2.28705e-10	0.0638838
2.28918e-10	0.0650488
2.29132e-10	0.0662183
2.29345e-10	0.0673923
2.29559e-10	0.0685707
2.29772e-10	0.0697535
2.29986e-10	0.0709406
2.30199e-10	0.0721319
2.30412e-10	0.0733273
2.30626e-10	0.0745268
2.30839e-10	0.0757303
2.31053e-10	0.0769378
2.31266e-10	0.0781491
2.3148e-10	0.0793642
2.31693e-10	0.080583
2.31907e-10	0.0818054
2.3212e-10	0.0830315
2.32333e-10	0.084261
2.32547e-10	0.0854939
2.3276e-10	0.0867302
2.32974e-10	0.0879697
2.33187e-10	0.0892124
2.33401e-10	0.0904582
2.33614e-10	0.091707
2.33828e-10	0.0929587
2.34041e-10	0.0942133
2.34254e-10	0.0954707
2.34468e-10	0.0967307
2.34681e-10	0.0979933
2.34895e-10	0.0992584
2.35108e-10	0.100526
2.35322e-10	0.101796
2.35535e-10	0.103068
2.35749e-10	0.104342
2.35962e-10	0.105618
2.36175e-10	0.106897
2.36389e-10	0.108177
2.36602e-10	0.109459
2.36816e-10	0.110742
2.37029e-10	0.112028
2.37243e-10	0.113314
2.37456e-10	0.114602
2.3767e-10	0.115892
2.37883e-10	0.117182
2.38096e-10	0.118474
2.3831e-10	0.119767
2.38523e-10	0.12106
2.38737e-10	0.122354
2.3895e-10	0.12365
2.39164e-10	0.124945
2.39377e-10	0.126241
2.39591e-10	0.127538
2.39804e-10	0.128834
2.40017e-10	0.130131
2.40231e-10	0.131428
2.40444e-10	0.132725
2.40658e-10	0.134022
2.40871e-10	0.135319
2.41085e-10	0.136615
2.41298e-10	0.13791
2.41512e-10	0.139205
2.41725e-10	0.1405
2.41938e-10	0.141793
2.42152e-10	0.143085
2.42365e-10	0.144377
2.42579e-10	0.145667
2.42792e-10	0.146956
2.43006e-10	0.148244
2.43219e-10	0.14953
2.43433e-10	0.150814
2.43646e-10	0.152097
2.43859e-10	0.153377
2.44073e-10	0.154656
2.44286e-10	0.155933
2.445e-10	0.157207
2.44713e-10	0.158479
2.44927e-10	0.159748
2.4514e-10	0.161015
2.45354e-10	0.162279
2.45567e-10	0.16354
2.4578e-10	0.164798
2.45994e-10	0.166054
2.46207e-10	0.167305
2.46421e-10	0.168554
2.46634e-10	0.169799
2.46848e-10	0.17104
2.47061e-10	0.172277
2.47275e-10	0.173511
2.47488e-10	0.174741
2.47701e-10	0.175966
2.47915e-10	0.177187
2.48128e-10	0.178404
2.48342e-10	0.179616
2.48555e-10	0.180823
2.48769e-10	0.182026
2.48982e-10	0.183224
2.49196e-10	0.184416
2.49409e-10	0.185604
2.49622e-10	0.186786
2.49836e-10	0.187962
2.50049e-10	0.189133
2.50263e-10	0.190298
2.50476e-10	0.191457
2.5069e-10	0.19261
2.50903e-10	0.193757
2.51117e-10	0.194898
2.5133e-10	0.196032
2.51543e-10	0.197159
2.51757e-10	0.19828
2.5197e-10	0.199394
2.52184e-10	0.200501
2.52397e-10	0.201601
2.52611e-10	0.202693
2.52824e-10	0.203778
2.53038e-10	0.204856
2.53251e-10	0.205925
2.53464e-10	0.206987
2.53678e-10	0.208041
2.53891e-10	0.209086
2.54105e-10	0.210124
2.54318e-10	0.211153
2.54532e-10	0.212173
2.54745e-10	0.213184
2.54959e-10	0.214187
2.55172e-10	0.215181
2.55385e-10	0.216165
2.55599e-10	0.217141
2.55812e-10	0.218106
2.56026e-10	0.219063
2.56239e-10	0.220009
2.56453e-10	0.220946
2.56666e-10	0.221872
2.5688e-10	0.222789
2.57093e-10	0.223695
2.57306e-10	0.22459
2.5752e-10	0.225475
2.57733e-10	0.22635
2.57947e-10	0.227213
2.5816e-10	0.228065
2.58374e-10	0.228906
2.58587e-10	0.229736
2.588e-10	0.230555
2.59014e-10	0.231361
2.59227e-10	0.232157
2.59441e-10	0.23294
2.59654e-10	0.233711
2.59868e-10	0.23447
2.60081e-10	0.235216
2.60295e-10	0.23595
2.60508e-10	0.236672
2.60721e-10	0.23738
2.60935e-10	0.238076
2.61148e-10	0.238759
2.61362e-10	0.239428
2.61575e-10	0.240085
2.61789e-10	0.240727
2.62002e-10	0.241356
2.62216e-10	0.241972
2.62429e-10	0.242573
2.62642e-10	0.243161
2.62856e-10	0.243734
2.63069e-10	0.244293
2.63283e-10	0.244837
2.63496e-10	0.245367
2.6371e-10	0.245882
2.63923e-10	0.246382
2.64137e-10	0.246868
2.6435e-10	0.247338
2.64563e-10	0.247792
2.64777e-10	0.248232
2.6499e-10	0.248656
2.65204e-10	0.249064
2.65417e-10	0.249456
2.65631e-10	0.249832
2.65844e-10	0.250192
2.66058e-10	0.250536
2.66271e-10	0.250864
2.66484e-10	0.251175
2.66698e-10	0.251469
2.66911e-10	0.251747
2.67125e-10	0.252008
2.67338e-10	0.252251
2.67552e-10	0.252478
2.67765e-10	0.252687
2.67979e-10	0.252879
2.68192e-10	0.253054
2.68405e-10	0.25321
2.68619e-10	0.253349
2.68832e-10	0.25347
2.69046e-10	0.253573
2.69259e-10	0.253658
2.69473e-10	0.253724
2.69686e-10	0.253772
2.699e-10	0.253802
2.70113e-10	0.253813
2.70326e-10	0.253805
2.7054e-10	0.253778
2.70753e-10	0.253733
2.70967e-10	0.253668
2.7118e-10	0.253584
2.71394e-10	0.25348
2.71607e-10	0.253357
2.71821e-10	0.253215
2.72034e-10	0.253053
2.72247e-10	0.252871
2.72461e-10	0.252669
2.72674e-10	0.252448
2.72888e-10	0.252206
2.73101e-10	0.251944
2.73315e-10	0.251661
2.73528e-10	0.251358
2.73742e-10	0.251035
2.73955e-10	0.250691
2.74168e-10	0.250326
2.74382e-10	0.249941
2.74595e-10	0.249534
2.74809e-10	0.249107
2.75022e-10	0.248658
2.75236e-10	0.248188
2.75449e-10	0.247697
2.75663e-10	0.247185
2.75876e-10	0.246651
2.76089e-10	0.246095
2.76303e-10	0.245518
2.76516e-10	0.244919
2.7673e-10	0.244298
2.76943e-10	0.243655
2.77157e-10	0.242991
2.7737e-10	0.242304
2.77584e-10	0.241595
2.77797e-10	0.240864
2.7801e-10	0.240111
2.78224e-10	0.239335
2.78437e-10	0.238537
2.78651e-10	0.237716
2.78864e-10	0.236873
2.79078e-10	0.236007
2.79291e-10	0.235118
2.79505e-10	0.234206
2.79718e-10	0.233272
2.79931e-10	0.232315
2.80145e-10	0.231335
2.80358e-10	0.230331
2.80572e-10	0.229305
2.80785e-10	0.228256
2.80999e-10	0.227183
2.81212e-10	0.226087
2.81426e-10	0.224968
2.81639e-10	0.223825
2.81852e-10	0.222659
2.82066e-10	0.22147
2.82279e-10	0.220257
2.82493e-10	0.219021
2.82706e-10	0.217761
2.8292e-10	0.216477
2.83133e-10	0.21517
2.83347e-10	0.213839
2.8356e-10	0.212485
2.83773e-10	0.211107
2.83987e-10	0.209705
2.842e-10	0.208279
2.84414e-10	0.206829
2.84627e-10	0.205356
2.84841e-10	0.203858
2.85054e-10	0.202337
2.85268e-10	0.200792
2.85481e-10	0.199223
2.85694e-10	0.19763
2.85908e-10	0.196014
2.86121e-10	0.194373
2.86335e-10	0.192708
2.86548e-10	0.191019
2.86762e-10	0.189307
2.86975e-10	0.18757
2.87189e-10	0.18581
2.87402e-10	0.184025
2.87615e-10	0.182217
2.87829e-10	0.180385
2.88042e-10	0.178528
2.88256e-10	0.176648
2.88469e-10	0.174744
2.88683e-10	0.172816
2.88896e-10	0.170864
2.8911e-10	0.168889
2.89323e-10	0.166889
2.89536e-10	0.164866
2.8975e-10	0.162819
2.89963e-10	0.160748
2.90177e-10	0.158653
2.9039e-10	0.156535
2.90604e-10	0.154393
2.90817e-10	0.152228
2.9103e-10	0.150038
2.91244e-10	0.147826
2.91457e-10	0.14559
2.91671e-10	0.14333
2.91884e-10	0.141047
2.92098e-10	0.138741
2.92311e-10	0.136411
2.92525e-10	0.134058
2.92738e-10	0.131682
2.92951e-10	0.129283
2.93165e-10	0.126861
2.93378e-10	0.124416
2.93592e-10	0.121947
2.93805e-10	0.119456
2.94019e-10	0.116943
2.94232e-10	0.114406
2.94446e-10	0.111847
2.94659e-10	0.109265
2.94872e-10	0.106661
2.95086e-10	0.104034
2.95299e-10	0.101385
2.95513e-10	0.0987143
2.95726e-10	0.096021
2.9594e-10	0.0933056
2.96153e-10	0.0905683
2.96367e-10	0.0878091
2.9658e-10	0.0850282
2.96793e-10	0.0822256
2.97007e-10	0.0794014
2.9722e-10	0.0765558
2.97434e-10	0.0736889
2.97647e-10	0.0708007
2.97861e-10	0.0678914
2.98074e-10	0.0649611
2.98288e-10	0.0620099
2.98501e-10	0.0590379
2.98714e-10	0.0560453
2.98928e-10	0.0530322
2.99141e-10	0.0499986
2.99355e-10	0.0469448
2.99568e-10	0.0438709
2.99782e-10	0.040777
2.99995e-10	0.0376632
3.00209e-10	0.0345297
3.00422e-10	0.0313766
3.00635e-10	0.0282041
3.00849e-10	0.0250122
3.01062e-10	0.0218012
3.01276e-10	0.0185713
3.01489e-10	0.0153224
3.01703e-10	0.0120549
3.01916e-10	0.00876888
3.0213e-10	0.00546446
3.02343e-10	0.00214183
3.02556e-10	-0.00119885
3.0277e-10	-0.00455741
3.02983e-10	-0.00793368
3.03197e-10	-0.0113275
3.0341e-10	-0.0147387
3.03624e-10	-0.018167
3.03837e-10	-0.0216124
3.04051e-10	-0.0250746
3.04264e-10	-0.0285535
3.04477e-10	-0.0320489
3.04691e-10	-0.0355605
3.04904e-10	-0.0390882
3.05118e-10	-0.0426318
3.05331e-10	-0.0461911
3.05545e-10	-0.0497659
3.05758e-10	-0.053356
3.05972e-10	-0.0569613
3.06185e-10	-0.0605814
3.06398e-10	-0.0642162
3.06612e-10	-0.0678656
3.06825e-10	-0.0715292
3.07039e-10	-0.0752069
3.07252e-10	-0.0788985
3.07466e-10	-0.0826037
3.07679e-10	-0.0863223
3.07893e-10	-0.0900542
3.08106e-10	-0.093799
3.08319e-10	-0.0975566
3.08533e-10	-0.101327
3.08746e-10	-0.105109
3.0896e-10	-0.108904
3.09173e-10	-0.11271
3.09387e-10	-0.116528
3.096e-10	-0.120357
3.09814e-10	-0.124198
3.10027e-10	-0.128049
3.1024e-10	-0.131911
3.10454e-10	-0.135784
3.10667e-10	-0.139666
3.10881e-10	-0.143559
3.11094e-10	-0.147461
3.11308e-10	-0.151372
3.11521e-10	-0.155293
3.11735e-10	-0.159223
3.11948e-10	-0.163161
3.12161e-10	-0.167107
3.12375e-10	-0.171062
3.12588e-10	-0.175025
3.12802e-10	-0.178995
3.13015e-10	-0.182972
3.13229e-10	-0.186957
3.13442e-10	-0.190948
3.13656e-10	-0.194946
3.13869e-10	-0.19895
3.14082e-10	-0.20296
3.14296e-10	-0.206976
3.14509e-10	-0.210997
3.14723e-10	-0.215023
3.14936e-10	-0.219054
3.1515e-10	-0.22309
3.15363e-10	-0.22713
3.15577e-10	-0.231173
3.1579e-10	-0.235221
3.16003e-10	-0.239272
3.16217e-10	-0.243326
3.1643e-10	-0.247383
3.16644e-10	-0.251442
3.16857e-10	-0.255503
3.17071e-10	-0.259567
3.17284e-10	-0.263632
3.17498e-10	-0.267698
3.17711e-10	-0.271766
3.17924e-10	-0.275834
3.18138e-10	-0.279902
3.18351e-10	-0.283971
3.18565e-10	-0.288039
3.18778e-10	-0.292107
3.18992e-10	-0.296174
3.19205e-10	-0.30024
3.19419e-10	-0.304304
3.19632e-10	-0.308367
3.19845e-10	-0.312428
3.20059e-10	-0.316486
3.20272e-10	-0.320541
3.20486e-10	-0.324594
3.20699e-10	-0.328643
3.20913e-10	-0.332688
3.21126e-10	-0.33673
3.21339e-10	-0.340767
3.21553e-10	-0.344799
3.21766e-10	-0.348826
3.2198e-10	-0.352849
3.22193e-10	-0.356865
3.22407e-10	-0.360876
3.2262e-10	-0.36488
3.22834e-10	-0.368878
3.23047e-10	-0.372868
3.2326e-10	-0.376852
3.23474e-10	-0.380828
3.23687e-10	-0.384796
3.23901e-10	-0.388755
3.24114e-10	-0.392706
3.24328e-10	-0.396648
3.24541e-10	-0.400581
3.24755e-10	-0.404505
3.24968e-10	-0.408418
3.25181e-10	-0.412321
3.25395e-10	-0.416213
3.25608e-10	-0.420095
3.25822e-10	-0.423965
3.26035e-10	-0.427823
3.26249e-10	-0.43167
3.26462e-10	-0.435504
3.26676e-10	-0.439326
3.26889e-10	-0.443135
3.27102e-10	-0.44693
3.27316e-10	-0.450712
3.27529e-10	-0.454479
3.27743e-10	-0.458233
3.27956e-10	-0.461971
3.2817e-10	-0.465695
3.28383e-10	-0.469403
3.28597e-10	-0.473096
3.2881e-10	-0.476772
3.29023e-10	-0.480432
3.29237e-10	-0.484076
3.2945e-10	-0.487702
3.29664e-10	-0.491311
3.29877e-10	-0.494902
3.30091e-10	-0.498475
3.30304e-10	-0.50203
3.30518e-10	-0.505566
3.30731e-10	-0.509083
3.30944e-10	-0.51258
3.31158e-10	-0.516057
3.31371e-10	-0.519515
3.31585e-10	-0.522952
3.31798e-10	-0.526368
3.32012e-10	-0.529763
3.32225e-10	-0.533137
3.32439e-10	-0.536488
3.32652e-10	-0.539818
3.32865e-10	-0.543125
3.33079e-10	-0.54641
3.33292e-10	-0.549671
3.33506e-10	-0.552908
3.33719e-10	-0.556122
3.33933e-10	-0.559312
3.34146e-10	-0.562477
3.3436e-10	-0.565618
3.34573e-10	-0.568733
3.34786e-10	-0.571823
3.35e-10	-0.574887
3.35213e-10	-0.577925
3.35427e-10	-0.580937
3.3564e-10	-0.583921
3.35854e-10	-0.586879
3.36067e-10	-0.589809
3.36281e-10	-0.592712
3.36494e-10	-0.595586
3.36707e-10	-0.598433
3.36921e-10	-0.60125
3.37134e-10	-0.604038
3.37348e-10	-0.606798
3.37561e-10	-0.609527
3.37775e-10	-0.612227
3.37988e-10	-0.614896
3.38202e-10	-0.617534
3.38415e-10	-0.620142
3.38628e-10	-0.622719
3.38842e-10	-0.625264
3.39055e-10	-0.627777
3.39269e-10	-0.630259
3.39482e-10	-0.632707
3.39696e-10	-0.635124
3.39909e-10	-0.637507
3.40123e-10	-0.639857
3.40336e-10	-0.642173
3.40549e-10	-0.644455
3.40763e-10	-0.646704
3.40976e-10	-0.648917
3.4119e-10	-0.651096
3.41403e-10	-0.65324
3.41617e-10	-0.655349
3.4183e-10	-0.657422
3.42044e-10	-0.659459
3.42257e-10	-0.661461
3.4247e-10	-0.663425
3.42684e-10	-0.665353
3.42897e-10	-0.667244
3.43111e-10	-0.669098
3.43324e-10	-0.670914
3.43538e-10	-0.672693
3.43751e-10	-0.674433
3.43965e-10	-0.676135
3.44178e-10	-0.677799
3.44391e-10	-0.679424
3.44605e-10	-0.681009
3.44818e-10	-0.682556
3.45032e-10	-0.684063
3.45245e-10	-0.68553
3.45459e-10	-0.686957
3.45672e-10	-0.688343
3.45886e-10	-0.689689
3.46099e-10	-0.690995
3.46312e-10	-0.692259
3.46526e-10	-0.693482
3.46739e-10	-0.694664
3.46953e-10	-0.695804
3.47166e-10	-0.696902
3.4738e-10	-0.697958
3.47593e-10	-0.698972
3.47807e-10	-0.699943
3.4802e-10	-0.700871
3.48233e-10	-0.701757
3.48447e-10	-0.702599
3.4866e-10	-0.703398
3.48874e-10	-0.704153
3.49087e-10	-0.704864
3.49301e-10	-0.705532
3.49514e-10	-0.706155
3.49728e-10	-0.706734
3.49941e-10	-0.707268
3.50154e-10	-0.707758
3.50368e-10	-0.708202
3.50581e-10	-0.708602
3.50795e-10	-0.708956
3.51008e-10	-0.709265
3.51222e-10	-0.709528
3.51435e-10	-0.709746
3.51649e-10	-0.709917
3.51862e-10	-0.710043
3.52075e-10	-0.710122
3.52289e-10	-0.710155
3.52502e-10	-0.710142
3.52716e-10	-0.710081
3.52929e-10	-0.709974
3.53143e-10	-0.70982
3.53356e-10	-0.709619
3.53569e-10	-0.709371
3.53783e-10	-0.709075
3.53996e-10	-0.708732
3.5421e-10	-0.708341
3.54423e-10	-0.707902
3.54637e-10	-0.707416
3.5485e-10	-0.706882
3.55064e-10	-0.7063
3.55277e-10	-0.705669
3.5549e-10	-0.704991
3.55704e-10	-0.704264
3.55917e-10	-0.703488
3.56131e-10	-0.702665
3.56344e-10	-0.701792
3.56558e-10	-0.700871
3.56771e-10	-0.699901
3.56985e-10	-0.698882
3.57198e-10	-0.697815
3.57411e-10	-0.696698
3.57625e-10	-0.695533
3.57838e-10	-0.694318
3.58052e-10	-0.693054
3.58265e-10	-0.691742
3.58479e-10	-0.69038
3.58692e-10	-0.688968
3.58906e-10	-0.687507
3.59119e-10	-0.685997
3.59332e-10	-0.684438
3.59546e-10	-0.682829
3.59759e-10	-0.681171
3.59973e-10	-0.679464
3.60186e-10	-0.677706
3.604e-10	-0.6759
3.60613e-10	-0.674044
3.60827e-10	-0.672139
3.6104e-10	-0.670184
3.61253e-10	-0.668179
3.61467e-10	-0.666125
3.6168e-10	-0.664022
3.61894e-10	-0.661869
3.62107e-10	-0.659667
3.62321e-10	-0.657416
3.62534e-10	-0.655115
3.62748e-10	-0.652765
3.62961e-10	-0.650366
3.63174e-10	-0.647917
3.63388e-10	-0.645419
3.63601e-10	-0.642872
3.63815e-10	-0.640276
3.64028e-10	-0.637631
3.64242e-10	-0.634937
3.64455e-10	-0.632194
3.64669e-10	-0.629403
3.64882e-10	-0.626562
3.65095e-10	-0.623673
3.65309e-10	-0.620735
3.65522e-10	-0.617749
3.65736e-10	-0.614715
3.65949e-10	-0.611632
3.66163e-10	-0.6085
3.66376e-10	-0.605321
3.6659e-10	-0.602094
3.66803e-10	-0.598819
3.67016e-10	-0.595496
3.6723e-10	-0.592125
3.67443e-10	-0.588707
3.67657e-10	-0.585242
3.6787e-10	-0.581729
3.68084e-10	-0.578169
3.68297e-10	-0.574562
3.68511e-10	-0.570908
3.68724e-10	-0.567208
3.68937e-10	-0.563461
3.69151e-10	-0.559668
3.69364e-10	-0.555828
3.69578e-10	-0.551942
3.69791e-10	-0.548011
3.70005e-10	-0.544034
3.70218e-10	-0.540011
3.70432e-10	-0.535943
3.70645e-10	-0.531829
3.70858e-10	-0.527671
3.71072e-10	-0.523468
3.71285e-10	-0.51922
3.71499e-10	-0.514928
3.71712e-10	-0.510592
3.71926e-10	-0.506212
3.72139e-10	-0.501788
3.72353e-10	-0.497321
3.72566e-10	-0.49281
3.72779e-10	-0.488256
3.72993e-10	-0.483659
3.73206e-10	-0.47902
3.7342e-10	-0.474338
3.73633e-10	-0.469614
3.73847e-10	-0.464849
3.7406e-10	-0.460041
3.74274e-10	-0.455192
3.74487e-10	-0.450302
3.747e-10	-0.445372
3.74914e-10	-0.4404
3.75127e-10	-0.435389
3.75341e-10	-0.430337
3.75554e-10	-0.425245
3.75768e-10	-0.420114
3.75981e-10	-0.414944
3.76195e-10	-0.409735
3.76408e-10	-0.404487
3.76621e-10	-0.399201
3.76835e-10	-0.393877
3.77048e-10	-0.388515
3.77262e-10	-0.383115
3.77475e-10	-0.377679
3.77689e-10	-0.372206
3.77902e-10	-0.366696
3.78116e-10	-0.36115
3.78329e-10	-0.355568
3.78542e-10	-0.349951
3.78756e-10	-0.344298
3.78969e-10	-0.338611
3.79183e-10	-0.332889
3.79396e-10	-0.327133
3.7961e-10	-0.321343
3.79823e-10	-0.31552
3.80037e-10	-0.309664
3.8025e-10	-0.303775
3.80463e-10	-0.297853
3.80677e-10	-0.291899
3.8089e-10	-0.285914
3.81104e-10	-0.279898
3.81317e-10	-0.27385
3.81531e-10	-0.267772
3.81744e-10	-0.261664
3.81958e-10	-0.255526
3.82171e-10	-0.249359
3.82384e-10	-0.243162
3.82598e-10	-0.236937
3.82811e-10	-0.230684
3.83025e-10	-0.224403
3.83238e-10	-0.218094
3.83452e-10	-0.211759
3.83665e-10	-0.205396
3.83879e-10	-0.199008
3.84092e-10	-0.192594
3.84305e-10	-0.186154
3.84519e-10	-0.17969
3.84732e-10	-0.1732
3.84946e-10	-0.166687
3.85159e-10	-0.16015
3.85373e-10	-0.15359
3.85586e-10	-0.147007
3.85799e-10	-0.140401
3.86013e-10	-0.133774
3.86226e-10	-0.127125
3.8644e-10	-0.120455
3.86653e-10	-0.113764
3.86867e-10	-0.107053
3.8708e-10	-0.100322
3.87294e-10	-0.0935724
3.87507e-10	-0.0868035
3.8772e-10	-0.0800162
3.87934e-10	-0.073211
3.88147e-10	-0.0663884
3.88361e-10	-0.0595487
3.88574e-10	-0.0526924
3.88788e-10	-0.0458201
3.89001e-10	-0.0389321
3.89215e-10	-0.032029
3.89428e-10	-0.0251112
3.89641e-10	-0.0181792
3.89855e-10	-0.0112335
3.90068e-10	-0.00427454
3.90282e-10	0.00269719
3.90495e-10	0.0096812
3.90709e-10	0.016677
3.90922e-10	0.0236842
3.91136e-10	0.0307021
3.91349e-10	0.0377304
3.91562e-10	0.0447686
3.91776e-10	0.0518161
3.91989e-10	0.0588725
3.92203e-10	0.0659373
3.92416e-10	0.07301
3.9263e-10	0.08009
3.92843e-10	0.0871769
3.93057e-10	0.0942702
3.9327e-10	0.101369
3.93483e-10	0.108474
3.93697e-10	0.115583
3.9391e-10	0.122697
3.94124e-10	0.129815
3.94337e-10	0.136936
3.94551e-10	0.14406
3.94764e-10	0.151186
3.94978e-10	0.158314
3.95191e-10	0.165443
3.95404e-10	0.172574
3.95618e-10	0.179704
3.95831e-10	0.186834
3.96045e-10	0.193964
3.96258e-10	0.201092
3.96472e-10	0.208219
3.96685e-10	0.215343
3.96899e-10	0.222465
3.97112e-10	0.229583
3.97325e-10	0.236697
3.97539e-10	0.243807
3.97752e-10	0.250912
3.97966e-10	0.258012
3.98179e-10	0.265106
3.98393e-10	0.272193
3.98606e-10	0.279274
3.9882e-10	0.286347
3.99033e-10	0.293412
3.99246e-10	0.300469
3.9946e-10	0.307516
3.99673e-10	0.314555
3.99887e-10	0.321583
4.001e-10	0.3286
4.00314e-10	0.335607
4.00527e-10	0.342601
4.00741e-10	0.349584
4.00954e-10	0.356554
4.01167e-10	0.363511
4.01381e-10	0.370454
4.01594e-10	0.377384
4.01808e-10	0.384298
4.02021e-10	0.391197
4.02235e-10	0.398081
4.02448e-10	0.404948
4.02662e-10	0.411798
4.02875e-10	0.418632
4.03088e-10	0.425447
4.03302e-10	0.432244
4.03515e-10	0.439023
4.03729e-10	0.445782
4.03942e-10	0.452521
4.04156e-10	0.45924
4.04369e-10	0.465938
4.04583e-10	0.472615
4.04796e-10	0.47927
4.05009e-10	0.485902
4.05223e-10	0.492512
4.05436e-10	0.499098
4.0565e-10	0.505661
4.05863e-10	0.512199
4.06077e-10	0.518713
4.0629e-10	0.525201
4.06504e-10	0.531663
4.06717e-10	0.538099
4.0693e-10	0.544509
4.07144e-10	0.550891
4.07357e-10	0.557245
4.07571e-10	0.563571
4.07784e-10	0.569868
4.07998e-10	0.576136
4.08211e-10	0.582374
4.08425e-10	0.588582
4.08638e-10	0.59476
4.08851e-10	0.600906
4.09065e-10	0.607021
4.09278e-10	0.613104
4.09492e-10	0.619154
4.09705e-10	0.625171
4.09919e-10	0.631155
4.10132e-10	0.637105
4.10346e-10	0.64302
4.10559e-10	0.648901
4.10772e-10	0.654747
4.10986e-10	0.660556
4.11199e-10	0.66633
4.11413e-10	0.672067
4.11626e-10	0.677767
4.1184e-10	0.683429
4.12053e-10	0.689053
4.12267e-10	0.694639
4.1248e-10	0.700187
4.12693e-10	0.705695
4.12907e-10	0.711163
4.1312e-10	0.716591
4.13334e-10	0.721979
4.13547e-10	0.727326
4.13761e-10	0.732631
4.13974e-10	0.737895
4.14188e-10	0.743117
4.14401e-10	0.748296
4.14614e-10	0.753432
4.14828e-10	0.758524
4.15041e-10	0.763573
4.15255e-10	0.768578
4.15468e-10	0.773538
4.15682e-10	0.778454
4.15895e-10	0.783324
4.16109e-10	0.788148
4.16322e-10	0.792926
4.16535e-10	0.797658
4.16749e-10	0.802343
4.16962e-10	0.80698
4.17176e-10	0.811571
4.17389e-10	0.816113
4.17603e-10	0.820607
4.17816e-10	0.825052
4.18029e-10	0.829449
4.18243e-10	0.833796
4.18456e-10	0.838093
4.1867e-10	0.842341
4.18883e-10	0.846538
4.19097e-10	0.850684
4.1931e-10	0.85478
4.19524e-10	0.858824
4.19737e-10	0.862817
4.1995e-10	0.866757
4.20164e-10	0.870646
4.20377e-10	0.874482
4.20591e-10	0.878265
4.20804e-10	0.881995
4.21018e-10	0.885671
4.21231e-10	0.889294
4.21445e-10	0.892862
4.21658e-10	0.896377
4.21871e-10	0.899837
4.22085e-10	0.903242
4.22298e-10	0.906592
4.22512e-10	0.909886
4.22725e-10	0.913125
4.22939e-10	0.916308
4.23152e-10	0.919435
4.23366e-10	0.922505
4.23579e-10	0.925519
4.23792e-10	0.928476
4.24006e-10	0.931375
4.24219e-10	0.934218
4.24433e-10	0.937003
4.24646e-10	0.93973
4.2486e-10	0.942399
4.25073e-10	0.94501
4.25287e-10	0.947562
4.255e-10	0.950056
4.25713e-10	0.952491
4.25927e-10	0.954867
4.2614e-10	0.957184
4.26354e-10	0.959441
4.26567e-10	0.961639
4.26781e-10	0.963777
4.26994e-10	0.965855
4.27208e-10	0.967873
4.27421e-10	0.969831
4.27634e-10	0.971729
4.27848e-10	0.973566
4.28061e-10	0.975342
4.28275e-10	0.977057
4.28488e-10	0.978712
4.28702e-10	0.980305
4.28915e-10	0.981838
4.29129e-10	0.983308
4.29342e-10	0.984718
4.29555e-10	0.986065
4.29769e-10	0.987352
4.29982e-10	0.988576
4.30196e-10	0.989738
4.30409e-10	0.990839
4.30623e-10	0.991877
4.30836e-10	0.992854
4.3105e-10	0.993768
4.31263e-10	0.994619
4.31476e-10	0.995409
4.3169e-10	0.996136
4.31903e-10	0.9968
4.32117e-10	0.997402
4.3233e-10	0.997942
4.32544e-10	0.998418
4.32757e-10	0.998832
4.32971e-10	0.999184
4.33184e-10	0.999473
4.33397e-10	0.999699
4.33611e-10	0.999862
4.33824e-10	0.999962
4.34038e-10	1
4.34251e-10	0.999975
4.34465e-10	0.999887
4.34678e-10	0.999736
4.34892e-10	0.999522
4.35105e-10	0.999246
4.35318e-10	0.998907
4.35532e-10	0.998505
4.35745e-10	0.998041
4.35959e-10	0.997514
4.36172e-10	0.996925
4.36386e-10	0.996272
4.36599e-10	0.995558
4.36813e-10	0.994781
4.37026e-10	0.993941
4.37239e-10	0.99304
4.37453e-10	0.992076
4.37666e-10	0.99105
4.3788e-10	0.989961
4.38093e-10	0.988811
4.38307e-10	0.987599
4.3852e-10	0.986325
4.38734e-10	0.98499
4.38947e-10	0.983593
4.3916e-10	0.982134
4.39374e-10	0.980614
4.39587e-10	0.979033
4.39801e-10	0.97739
4.40014e-10	0.975687
4.40228e-10	0.973923
4.40441e-10	0.972098
4.40655e-10	0.970212
4.40868e-10	0.968266
4.41081e-10	0.96626
4.41295e-10	0.964194
4.41508e-10	0.962068
4.41722e-10	0.959882
4.41935e-10	0.957636
4.42149e-10	0.955331
4.42362e-10	0.952967
4.42576e-10	0.950543
4.42789e-10	0.948061
4.43002e-10	0.94552
4.43216e-10	0.942921
4.43429e-10	0.940264
4.43643e-10	0.937548
4.43856e-10	0.934775
4.4407e-10	0.931944
4.44283e-10	0.929055
4.44497e-10	0.92611
4.4471e-10	0.923107
4.44923e-10	0.920048
4.45137e-10	0.916932
4.4535e-10	0.91376
4.45564e-10	0.910533
4.45777e-10	0.907249
4.45991e-10	0.90391
4.46204e-10	0.900516
4.46418e-10	0.897067
4.46631e-10	0.893564
4.46844e-10	0.890006
4.47058e-10	0.886394
4.47271e-10	0.882728
4.47485e-10	0.879008
4.47698e-10	0.875236
4.47912e-10	0.87141
4.48125e-10	0.867532
4.48339e-10	0.863602
4.48552e-10	0.85962
4.48765e-10	0.855586
4.48979e-10	0.8515
4.49192e-10	0.847364
4.49406e-10	0.843177
4.49619e-10	0.838939
4.49833e-10	0.834652
4.50046e-10	0.830314
4.50259e-10	0.825928
4.50473e-10	0.821492
4.50686e-10	0.817008
4.509e-10	0.812475
4.51113e-10	0.807894
4.51327e-10	0.803266
4.5154e-10	0.79859
4.51754e-10	0.793868
4.51967e-10	0.789099
4.5218e-10	0.784284
4.52394e-10	0.779423
4.52607e-10	0.774516
4.52821e-10	0.769565
4.53034e-10	0.764569
4.53248e-10	0.759529
4.53461e-10	0.754445
4.53675e-10	0.749317
4.53888e-10	0.744147
4.54101e-10	0.738934
4.54315e-10	0.733678
4.54528e-10	0.728381
4.54742e-10	0.723042
4.54955e-10	0.717663
4.55169e-10	0.712242
4.55382e-10	0.706782
4.55596e-10	0.701282
4.55809e-10	0.695742
4.56022e-10	0.690164
4.56236e-10	0.684547
4.56449e-10	0.678892
4.56663e-10	0.6732
4.56876e-10	0.66747
4.5709e-10	0.661704
4.57303e-10	0.655901
4.57517e-10	0.650063
4.5773e-10	0.644189
4.57943e-10	0.63828
4.58157e-10	0.632337
4.5837e-10	0.62636
4.58584e-10	0.62035
4.58797e-10	0.614306
4.59011e-10	0.60823
4.59224e-10	0.602121
4.59438e-10	0.595981
4.59651e-10	0.589809
4.59864e-10	0.583607
4.60078e-10	0.577375
4.60291e-10	0.571113
4.60505e-10	0.564821
4.60718e-10	0.558501
4.60932e-10	0.552153
4.61145e-10	0.545776
4.61359e-10	0.539372
4.61572e-10	0.532941
4.61785e-10	0.526484
4.61999e-10	0.520001
4.62212e-10	0.513493
4.62426e-10	0.506959
4.62639e-10	0.500401
4.62853e-10	0.49382
4.63066e-10	0.487215
4.6328e-10	0.480586
4.63493e-10	0.473936
4.63706e-10	0.467263
4.6392e-10	0.460569
4.64133e-10	0.453855
4.64347e-10	0.447119
4.6456e-10	0.440364
4.64774e-10	0.43359
4.64987e-10	0.426796
4.65201e-10	0.419984
4.65414e-10	0.413155
4.65627e-10	0.406307
4.65841e-10	0.399443
4.66054e-10	0.392563
4.66268e-10	0.385667
4.66481e-10	0.378756
4.66695e-10	0.371829
4.66908e-10	0.364889
4.67122e-10	0.357935
4.67335e-10	0.350967
4.67548e-10	0.343987
4.67762e-10	0.336994
4.67975e-10	0.32999
4.68189e-10	0.322975
4.68402e-10	0.315949
4.68616e-10	0.308913
4.68829e-10	0.301867
4.69043e-10	0.294812
4.69256e-10	0.287748
4.69469e-10	0.280677
4.69683e-10	0.273598
4.69896e-10	0.266512
4.7011e-10	0.259419
4.70323e-10	0.25232
4.70537e-10	0.245216
4.7075e-10	0.238107
4.70964e-10	0.230994
4.71177e-10	0.223876
4.7139e-10	0.216755
4.71604e-10	0.209631
4.71817e-10	0.202505
4.72031e-10	0.195377
4.72244e-10	0.188248
4.72458e-10	0.181118
4.72671e-10	0.173987
4.72885e-10	0.166857
4.73098e-10	0.159727
4.73311e-10	0.152599
4.73525e-10	0.145472
4.73738e-10	0.138348
4.73952e-10	0.131226
4.74165e-10	0.124108
4.74379e-10	0.116993
4.74592e-10	0.109883
4.74806e-10	0.102778
4.75019e-10	0.0956773
4.75232e-10	0.0885828
4.75446e-10	0.0814945
4.75659e-10	0.0744131
4.75873e-10	0.0673389
4.76086e-10	0.0602726
4.763e-10	0.0532145
4.76513e-10	0.0461651
4.76727e-10	0.0391251
4.7694e-10	0.0320948
4.77153e-10	0.0250747
4.77367e-10	0.0180654
4.7758e-10	0.0110673
4.77794e-10	0.00408088
4.78007e-10	-0.00289332
4.78221e-10	-0.00985486
4.78434e-10	-0.0168032
4.78648e-10	-0.023738
4.78861e-10	-0.0306586
4.79074e-10	-0.0375647
4.79288e-10	-0.0444557
4.79501e-10	-0.0513312
4.79715e-10	-0.0581906
4.79928e-10	-0.0650337
4.80142e-10	-0.0718597
4.80355e-10	-0.0786685
4.80569e-10	-0.0854593
4.80782e-10	-0.0922319
4.80995e-10	-0.0989856
4.81209e-10	-0.10572
4.81422e-10	-0.112435
4.81636e-10	-0.11913
4.81849e-10	-0.125804
4.82063e-10	-0.132457
4.82276e-10	-0.139089
4.82489e-10	-0.145699
4.82703e-10	-0.152287
4.82916e-10	-0.158851
4.8313e-10	-0.165393
4.83343e-10	-0.171911
4.83557e-10	-0.178405
4.8377e-10	-0.184874
4.83984e-10	-0.191319
4.84197e-10	-0.197738
4.8441e-10	-0.204132
4.84624e-10	-0.210499
4.84837e-10	-0.21684
4.85051e-10	-0.223154
4.85264e-10	-0.229441
4.85478e-10	-0.2357
4.85691e-10	-0.24193
4.85905e-10	-0.248132
4.86118e-10	-0.254306
4.86331e-10	-0.260449
4.86545e-10	-0.266564
4.86758e-10	-0.272648
4.86972e-10	-0.278701
4.87185e-10	-0.284724
4.87399e-10	-0.290715
4.87612e-10	-0.296675
4.87826e-10	-0.302603
4.88039e-10	-0.308499
4.88252e-10	-0.314362
4.88466e-10	-0.320191
4.88679e-10	-0.325988
4.88893e-10	-0.331751
4.89106e-10	-0.337479
4.8932e-10	-0.343173
4.89533e-10	-0.348833
4.89747e-10	-0.354457
4.8996e-10	-0.360046
4.90173e-10	-0.365599
4.90387e-10	-0.371116
4.906e-10	-0.376597
4.90814e-10	-0.38204
4.91027e-10	-0.387447
4.91241e-10	-0.392817
4.91454e-10	-0.398148
4.91668e-10	-0.403442
4.91881e-10	-0.408697
4.92094e-10	-0.413914
4.92308e-10	-0.419092
4.92521e-10	-0.424231
4.92735e-10	-0.429331
4.92948e-10	-0.43439
4.93162e-10	-0.43941
4.93375e-10	-0.444389
4.93589e-10	-0.449328
4.93802e-10	-0.454226
4.94015e-10	-0.459083
4.94229e-10	-0.463899
4.94442e-10	-0.468673
4.94656e-10	-0.473405
4.94869e-10	-0.478095
4.95083e-10	-0.482743
4.95296e-10	-0.487348
4.9551e-10	-0.49191
4.95723e-10	-0.49643
4.95936e-10	-0.500906
4.9615e-10	-0.505338
4.96363e-10	-0.509727
4.96577e-10	-0.514072
4.9679e-10	-0.518373
4.97004e-10	-0.522629
4.97217e-10	-0.526841
4.97431e-10	-0.531008
4.97644e-10	-0.535131
4.97857e-10	-0.539208
4.98071e-10	-0.54324
4.98284e-10	-0.547226
4.98498e-10	-0.551167
4.98711e-10	-0.555061
4.98925e-10	-0.55891
4.99138e-10	-0.562713
4.99352e-10	-0.566469
4.99565e-10	-0.570178
4.99778e-10	-0.573841
4.99992e-10	-0.577458
5.00205e-10	-0.581027
5.00419e-10	-0.584549
5.00632e-10	-0.588024
5.00846e-10	-0.591451
5.01059e-10	-0.594831
5.01273e-10	-0.598164
5.01486e-10	-0.601448
5.01699e-10	-0.604685
5.01913e-10	-0.607874
5.02126e-10	-0.611015
5.0234e-10	-0.614107
5.02553e-10	-0.617151
5.02767e-10	-0.620147
5.0298e-10	-0.623094
5.03194e-10	-0.625993
5.03407e-10	-0.628843
5.0362e-10	-0.631645
5.03834e-10	-0.634397
5.04047e-10	-0.637101
5.04261e-10	-0.639756
5.04474e-10	-0.642362
5.04688e-10	-0.644918
5.04901e-10	-0.647426
5.05115e-10	-0.649884
5.05328e-10	-0.652293
5.05541e-10	-0.654653
5.05755e-10	-0.656964
5.05968e-10	-0.659225
5.06182e-10	-0.661437
5.06395e-10	-0.663599
5.06609e-10	-0.665712
5.06822e-10	-0.667776
5.07036e-10	-0.66979
5.07249e-10	-0.671755
5.07462e-10	-0.67367
5.07676e-10	-0.675536
5.07889e-10	-0.677352
5.08103e-10	-0.679119
5.08316e-10	-0.680836
5.0853e-10	-0.682504
5.08743e-10	-0.684123
5.08957e-10	-0.685692
5.0917e-10	-0.687212
5.09383e-10	-0.688682
5.09597e-10	-0.690104
5.0981e-10	-0.691476
5.10024e-10	-0.692798
5.10237e-10	-0.694072
5.10451e-10	-0.695296
5.10664e-10	-0.696471
5.10878e-10	-0.697597
5.11091e-10	-0.698675
5.11304e-10	-0.699703
5.11518e-10	-0.700683
5.11731e-10	-0.701613
5.11945e-10	-0.702495
5.12158e-10	-0.703329
5.12372e-10	-0.704114
5.12585e-10	-0.70485
5.12799e-10	-0.705539
5.13012e-10	-0.706179
5.13225e-10	-0.70677
5.13439e-10	-0.707314
5.13652e-10	-0.70781
5.13866e-10	-0.708258
5.14079e-10	-0.708658
5.14293e-10	-0.709011
5.14506e-10	-0.709316
5.14719e-10	-0.709573
5.14933e-10	-0.709784
5.15146e-10	-0.709947
5.1536e-10	-0.710064
5.15573e-10	-0.710133
5.15787e-10	-0.710156
5.16e-10	-0.710132
5.16214e-10	-0.710062
5.16427e-10	-0.709946
5.1664e-10	-0.709784
5.16854e-10	-0.709575
5.17067e-10	-0.709321
5.17281e-10	-0.709021
5.17494e-10	-0.708676
5.17708e-10	-0.708285
5.17921e-10	-0.707849
5.18135e-10	-0.707369
5.18348e-10	-0.706843
5.18561e-10	-0.706273
5.18775e-10	-0.705659
5.18988e-10	-0.705
5.19202e-10	-0.704297
5.19415e-10	-0.703551
5.19629e-10	-0.702761
5.19842e-10	-0.701927
5.20056e-10	-0.70105
5.20269e-10	-0.700131
5.20482e-10	-0.699168
5.20696e-10	-0.698163
5.20909e-10	-0.697115
5.21123e-10	-0.696025
5.21336e-10	-0.694894
5.2155e-10	-0.69372
5.21763e-10	-0.692505
5.21977e-10	-0.691249
5.2219e-10	-0.689952
5.22403e-10	-0.688613
5.22617e-10	-0.687235
5.2283e-10	-0.685816
5.23044e-10	-0.684357
5.23257e-10	-0.682858
5.23471e-10	-0.681319
5.23684e-10	-0.679741
5.23898e-10	-0.678124
5.24111e-10	-0.676468
5.24324e-10	-0.674774
5.24538e-10	-0.673041
5.24751e-10	-0.67127
5.24965e-10	-0.669461
5.25178e-10	-0.667615
5.25392e-10	-0.665731
5.25605e-10	-0.66381
5.25819e-10	-0.661853
5.26032e-10	-0.659859
5.26245e-10	-0.657829
5.26459e-10	-0.655763
5.26672e-10	-0.653661
5.26886e-10	-0.651524
5.27099e-10	-0.649352
5.27313e-10	-0.647145
5.27526e-10	-0.644904
5.2774e-10	-0.642628
5.27953e-10	-0.640319
5.28166e-10	-0.637975
5.2838e-10	-0.635599
5.28593e-10	-0.633189
5.28807e-10	-0.630747
5.2902e-10	-0.628272
5.29234e-10	-0.625765
5.29447e-10	-0.623226
5.29661e-10	-0.620656
5.29874e-10	-0.618054
5.30087e-10	-0.615421
5.30301e-10	-0.612758
5.30514e-10	-0.610065
5.30728e-10	-0.607341
5.30941e-10	-0.604588
5.31155e-10	-0.601805
5.31368e-10	-0.598993
5.31582e-10	-0.596153
5.31795e-10	-0.593284
5.32008e-10	-0.590387
5.32222e-10	-0.587462
5.32435e-10	-0.58451
5.32649e-10	-0.581531
5.32862e-10	-0.578524
5.33076e-10	-0.575492
5.33289e-10	-0.572433
5.33503e-10	-0.569348
5.33716e-10	-0.566238
5.33929e-10	-0.563102
5.34143e-10	-0.559942
5.34356e-10	-0.556757
5.3457e-10	-0.553548
5.34783e-10	-0.550315
5.34997e-10	-0.547058
5.3521e-10	-0.543778
5.35424e-10	-0.540476
5.35637e-10	-0.53715
5.3585e-10	-0.533803
5.36064e-10	-0.530434
5.36277e-10	-0.527043
5.36491e-10	-0.523631
5.36704e-10	-0.520198
5.36918e-10	-0.516745
5.37131e-10	-0.513271
5.37345e-10	-0.509777
5.37558e-10	-0.506265
5.37771e-10	-0.502732
5.37985e-10	-0.499181
5.38198e-10	-0.495612
5.38412e-10	-0.492024
5.38625e-10	-0.488419
5.38839e-10	-0.484796
5.39052e-10	-0.481156
5.39266e-10	-0.477499
5.39479e-10	-0.473826
5.39692e-10	-0.470136
5.39906e-10	-0.466431
5.40119e-10	-0.462711
5.40333e-10	-0.458975
5.40546e-10	-0.455225
5.4076e-10	-0.45146
5.40973e-10	-0.447681
5.41187e-10	-0.443888
5.414e-10	-0.440082
5.41613e-10	-0.436263
5.41827e-10	-0.432431
5.4204e-10	-0.428587
5.42254e-10	-0.424731
5.42467e-10	-0.420863
5.42681e-10	-0.416984
5.42894e-10	-0.413093
5.43108e-10	-0.409192
5.43321e-10	-0.405281
5.43534e-10	-0.40136
5.43748e-10	-0.397429
5.43961e-10	-0.393489
5.44175e-10	-0.389539
5.44388e-10	-0.385581
5.44602e-10	-0.381615
5.44815e-10	-0.377641
5.45029e-10	-0.373659
5.45242e-10	-0.369669
5.45455e-10	-0.365673
5.45669e-10	-0.36167
5.45882e-10	-0.357661
5.46096e-10	-0.353645
5.46309e-10	-0.349624
5.46523e-10	-0.345598
5.46736e-10	-0.341567
5.46949e-10	-0.33753
5.47163e-10	-0.33349
5.47376e-10	-0.329445
5.4759e-10	-0.325397
5.47803e-10	-0.321345
5.48017e-10	-0.31729
5.4823e-10	-0.313232
5.48444e-10	-0.309172
5.48657e-10	-0.30511
5.4887e-10	-0.301046
5.49084e-10	-0.29698
5.49297e-10	-0.292914
5.49511e-10	-0.288846
5.49724e-10	-0.284777
5.49938e-10	-0.280709
5.50151e-10	-0.27664
5.50365e-10	-0.272572
5.50578e-10	-0.268505
5.50791e-10	-0.264438
5.51005e-10	-0.260373
5.51218e-10	-0.256309
5.51432e-10	-0.252247
5.51645e-10	-0.248187
5.51859e-10	-0.24413
5.52072e-10	-0.240075
5.52286e-10	-0.236024
5.52499e-10	-0.231976
5.52712e-10	-0.227931
5.52926e-10	-0.22389
5.53139e-10	-0.219854
5.53353e-10	-0.215822
5.53566e-10	-0.211795
5.5378e-10	-0.207773
5.53993e-10	-0.203756
5.54207e-10	-0.199745
5.5442e-10	-0.195739
5.54633e-10	-0.19174
5.54847e-10	-0.187748
5.5506e-10	-0.183762
5.55274e-10	-0.179783
5.55487e-10	-0.175811
5.55701e-10	-0.171847
5.55914e-10	-0.167891
5.56128e-10	-0.163943
5.56341e-10	-0.160003
5.56554e-10	-0.156071
5.56768e-10	-0.152149
5.56981e-10	-0.148235
5.57195e-10	-0.144331
5.57408e-10	-0.140437
5.57622e-10	-0.136552
5.57835e-10	-0.132678
5.58049e-10	-0.128814
5.58262e-10	-0.12496
5.58475e-10	-0.121118
5.58689e-10	-0.117286
5.58902e-10	-0.113466
5.59116e-10	-0.109657
5.59329e-10	-0.10586
5.59543e-10	-0.102076
5.59756e-10	-0.0983031
5.5997e-10	-0.094543
5.60183e-10	-0.0907956
5.60396e-10	-0.0870612
5.6061e-10	-0.0833399
5.60823e-10	-0.079632
5.61037e-10	-0.0759377
5.6125e-10	-0.0722573
5.61464e-10	-0.0685908
5.61677e-10	-0.0649386
5.61891e-10	-0.0613009
5.62104e-10	-0.0576778
5.62317e-10	-0.0540696
5.62531e-10	-0.0504765
5.62744e-10	-0.0468986
5.62958e-10	-0.0433362
5.63171e-10	-0.0397895
5.63385e-10	-0.0362586
5.63598e-10	-0.0327438
5.63812e-10	-0.0292452
5.64025e-10	-0.0257631
5.64238e-10	-0.0222975
5.64452e-10	-0.0188488
5.64665e-10	-0.015417
5.64879e-10	-0.0120024
5.65092e-10	-0.00860515
5.65306e-10	-0.00522539
5.65519e-10	-0.00186331
5.65733e-10	0.00148093
5.65946e-10	0.00480715
5.66159e-10	0.0081152
5.66373e-10	0.0114049
5.66586e-10	0.0146761
5.668e-10	0.0179286
5.67013e-10	0.0211624
5.67227e-10	0.0243771
5.6744e-10	0.0275728
5.67654e-10	0.0307491
5.67867e-10	0.0339061
5.6808e-10	0.0370435
5.68294e-10	0.0401612
5.68507e-10	0.0432591
5.68721e-10	0.046337
5.68934e-10	0.0493948
5.69148e-10	0.0524323
5.69361e-10	0.0554495
5.69575e-10	0.0584462
5.69788e-10	0.0614223
5.70001e-10	0.0643776
5.70215e-10	0.0673121
5.70428e-10	0.0702255
5.70642e-10	0.0731179
5.70855e-10	0.0759891
5.71069e-10	0.0788389
5.71282e-10	0.0816674
5.71496e-10	0.0844742
5.71709e-10	0.0872595
5.71922e-10	0.090023
5.72136e-10	0.0927646
5.72349e-10	0.0954844
5.72563e-10	0.0981821
5.72776e-10	0.100858
5.7299e-10	0.103511
5.73203e-10	0.106142
5.73417e-10	0.108751
5.7363e-10	0.111337
5.73843e-10	0.113901
5.74057e-10	0.116442
5.7427e-10	0.11896
5.74484e-10	0.121455
5.74697e-10	0.123928
5.74911e-10	0.126378
5.75124e-10	0.128805
5.75338e-10	0.131208
5.75551e-10	0.133589
5.75764e-10	0.135947
5.75978e-10	0.138281
5.76191e-10	0.140592
5.76405e-10	0.142879
5.76618e-10	0.145144
5.76832e-10	0.147384
5.77045e-10	0.149602
5.77259e-10	0.151795
5.77472e-10	0.153966
5.77685e-10	0.156112
5.77899e-10	0.158235
5.78112e-10	0.160334
5.78326e-10	0.16241
5.78539e-10	0.164462
5.78753e-10	0.16649
5.78966e-10	0.168494
5.79179e-10	0.170475
5.79393e-10	0.172431
5.79606e-10	0.174364
5.7982e-10	0.176273
5.80033e-10	0.178158
5.80247e-10	0.180019
5.8046e-10	0.181856
5.80674e-10	0.183669
5.80887e-10	0.185458
5.811e-10	0.187223
5.81314e-10	0.188964
5.81527e-10	0.190682
5.81741e-10	0.192375
5.81954e-10	0.194045
5.82168e-10	0.19569
5.82381e-10	0.197312
5.82595e-10	0.198909
5.82808e-10	0.200483
5.83021e-10	0.202033
5.83235e-10	0.203559
5.83448e-10	0.205061
5.83662e-10	0.206539
5.83875e-10	0.207993
5.84089e-10	0.209424
5.84302e-10	0.21083
5.84516e-10	0.212213
5.84729e-10	0.213573
5.84942e-10	0.214908
5.85156e-10	0.21622
5.85369e-10	0.217508
5.85583e-10	0.218773
5.85796e-10	0.220014
5.8601e-10	0.221231
5.86223e-10	0.222425
5.86437e-10	0.223596
5.8665e-10	0.224743
5.86863e-10	0.225867
5.87077e-10	0.226968
5.8729e-10	0.228045
5.87504e-10	0.229099
5.87717e-10	0.23013
5.87931e-10	0.231138
5.88144e-10	0.232122
5.88358e-10	0.233084
5.88571e-10	0.234023
5.88784e-10	0.234939
5.88998e-10	0.235832
5.89211e-10	0.236703
5.89425e-10	0.237551
5.89638e-10	0.238376
5.89852e-10	0.239178
5.90065e-10	0.239959
5.90279e-10	0.240716
5.90492e-10	0.241452
5.90705e-10	0.242165
5.90919e-10	0.242856
5.91132e-10	0.243525
5.91346e-10	0.244172
5.91559e-10	0.244798
5.91773e-10	0.245401
5.91986e-10	0.245982
5.922e-10	0.246542
5.92413e-10	0.24708
5.92626e-10	0.247597
5.9284e-10	0.248093
5.93053e-10	0.248567
5.93267e-10	0.249019
5.9348e-10	0.249451
5.93694e-10	0.249862
5.93907e-10	0.250251
5.94121e-10	0.25062
5.94334e-10	0.250968
5.94547e-10	0.251296
5.94761e-10	0.251603
5.94974e-10	0.251889
5.95188e-10	0.252155
5.95401e-10	0.252401
5.95615e-10	0.252627
5.95828e-10	0.252833
5.96042e-10	0.253018
5.96255e-10	0.253184
5.96468e-10	0.253331
5.96682e-10	0.253458
5.96895e-10	0.253565
5.97109e-10	0.253653
5.97322e-10	0.253721
5.97536e-10	0.253771
5.97749e-10	0.253801
5.97963e-10	0.253813
5.98176e-10	0.253806
5.98389e-10	0.25378
5.98603e-10	0.253735
5.98816e-10	0.253672
5.9903e-10	0.253591
5.99243e-10	0.253492
5.99457e-10	0.253374
5.9967e-10	0.253239
5.99884e-10	0.253086
6.00097e-10	0.252915
6.0031e-10	0.252727
6.00524e-10	0.252521
6.00737e-10	0.252298
6.00951e-10	0.252057
6.01164e-10	0.2518
6.01378e-10	0.251526
6.01591e-10	0.251235
6.01805e-10	0.250927
6.02018e-10	0.250602
6.02231e-10	0.250262
6.02445e-10	0.249905
6.02658e-10	0.249532
6.02872e-10	0.249143
6.03085e-10	0.248738
6.03299e-10	0.248317
6.03512e-10	0.247881
6.03726e-10	0.247429
6.03939e-10	0.246962
6.04152e-10	0.24648
6.04366e-10	0.245983
6.04579e-10	0.24547
6.04793e-10	0.244943
6.05006e-10	0.244402
6.0522e-10	0.243846
6.05433e-10	0.243275
6.05647e-10	0.242691
6.0586e-10	0.242092
6.06073e-10	0.241479
6.06287e-10	0.240853
6.065e-10	0.240213
6.06714e-10	0.23956
6.06927e-10	0.238893
6.07141e-10	0.238212
6.07354e-10	0.237519
6.07568e-10	0.236813
6.07781e-10	0.236094
6.07994e-10	0.235363
6.08208e-10	0.234619
6.08421e-10	0.233862
6.08635e-10	0.233093
6.08848e-10	0.232313
6.09062e-10	0.23152
6.09275e-10	0.230716
6.09489e-10	0.2299
6.09702e-10	0.229072
6.09915e-10	0.228233
6.10129e-10	0.227383
6.10342e-10	0.226522
6.10556e-10	0.225649
6.10769e-10	0.224767
6.10983e-10	0.223873
6.11196e-10	0.222969
6.11409e-10	0.222055
6.11623e-10	0.22113
6.11836e-10	0.220196
6.1205e-10	0.219251
6.12263e-10	0.218297
6.12477e-10	0.217333
6.1269e-10	0.216359
6.12904e-10	0.215377
6.13117e-10	0.214385
6.1333e-10	0.213384
6.13544e-10	0.212374
6.13757e-10	0.211356
6.13971e-10	0.210328
6.14184e-10	0.209293
6.14398e-10	0.208249
6.14611e-10	0.207197
6.14825e-10	0.206136
6.15038e-10	0.205068
6.15251e-10	0.203992
6.15465e-10	0.202909
6.15678e-10	0.201818
6.15892e-10	0.20072
6.16105e-10	0.199614
6.16319e-10	0.198502
6.16532e-10	0.197382
6.16746e-10	0.196256
6.16959e-10	0.195123
6.17172e-10	0.193984
6.17386e-10	0.192838
6.17599e-10	0.191686
6.17813e-10	0.190528
6.18026e-10	0.189364
6.1824e-10	0.188195
6.18453e-10	0.187019
6.18667e-10	0.185838
6.1888e-10	0.184652
6.19093e-10	0.183461
6.19307e-10	0.182264
6.1952e-10	0.181062
6.19734e-10	0.179856
6.19947e-10	0.178645
6.20161e-10	0.177429
6.20374e-10	0.176208
6.20588e-10	0.174984
6.20801e-10	0.173755
6.21014e-10	0.172522
6.21228e-10	0.171286
6.21441e-10	0.170045
6.21655e-10	0.168801
6.21868e-10	0.167553
6.22082e-10	0.166302
6.22295e-10	0.165048
6.22509e-10	0.16379
6.22722e-10	0.162529
6.22935e-10	0.161266
6.23149e-10	0.16
6.23362e-10	0.158731
6.23576e-10	0.157459
6.23789e-10	0.156185
6.24003e-10	0.154909
6.24216e-10	0.153631
6.2443e-10	0.152351
6.24643e-10	0.151068
6.24856e-10	0.149784
6.2507e-10	0.148499
6.25283e-10	0.147212
6.25497e-10	0.145923
6.2571e-10	0.144633
6.25924e-10	0.143342
6.26137e-10	0.142049
6.26351e-10	0.140756
6.26564e-10	0.139462
6.26777e-10	0.138167
6.26991e-10	0.136872
6.27204e-10	0.135576
6.27418e-10	0.134279
6.27631e-10	0.132982
6.27845e-10	0.131686
6.28058e-10	0.130389
6.28272e-10	0.129092
6.28485e-10	0.127795
6.28698e-10	0.126498
6.28912e-10	0.125202
6.29125e-10	0.123906
6.29339e-10	0.122611
6.29552e-10	0.121317
6.29766e-10	0.120023
6.29979e-10	0.11873
6.30193e-10	0.117438
6.30406e-10	0.116147
6.30619e-10	0.114858
6.30833e-10	0.11357
6.31046e-10	0.112283
6.3126e-10	0.110997
6.31473e-10	0.109713
6.31687e-10	0.108431
6.319e-10	0.10715
6.32114e-10	0.105872
6.32327e-10	0.104595
6.3254e-10	0.10332
6.32754e-10	0.102048
6.32967e-10	0.100778
6.33181e-10	0.0995095
6.33394e-10	0.0982439
6.33608e-10	0.0969808
6.33821e-10	0.0957203
6.34035e-10	0.0944624
6.34248e-10	0.0932072
6.34461e-10	0.0919549
6.34675e-10	0.0907055
6.34888e-10	0.0894591
6.35102e-10	0.0882158
6.35315e-10	0.0869757
6.35529e-10	0.0857388
6.35742e-10	0.0845052
6.35956e-10	0.083275
6.36169e-10	0.0820482
6.36382e-10	0.0808251
6.36596e-10	0.0796055
6.36809e-10	0.0783897
6.37023e-10	0.0771776
6.37236e-10	0.0759694
6.3745e-10	0.0747651
6.37663e-10	0.0735648
6.37877e-10	0.0723686
6.3809e-10	0.0711764
6.38303e-10	0.0699885
6.38517e-10	0.0688049
6.3873e-10	0.0676256
6.38944e-10	0.0664507
6.39157e-10	0.0652803
6.39371e-10	0.0641144
6.39584e-10	0.0629531
6.39798e-10	0.0617964
6.40011e-10	0.0606445
6.40224e-10	0.0594973
6.40438e-10	0.058355
6.40651e-10	0.0572176
6.40865e-10	0.0560851
6.41078e-10	0.0549577
6.41292e-10	0.0538353
6.41505e-10	0.052718
6.41719e-10	0.0516059
6.41932e-10	0.0504991
6.42145e-10	0.0493975
6.42359e-10	0.0483012
6.42572e-10	0.0472104
6.42786e-10	0.046125
6.42999e-10	0.045045
6.43213e-10	0.0439706
6.43426e-10	0.0429018
6.43639e-10	0.0418386
6.43853e-10	0.0407811
6.44066e-10	0.0397293
6.4428e-10	0.0386833
6.44493e-10	0.037643
6.44707e-10	0.0366086
6.4492e-10	0.0355801
6.45134e-10	0.0345575
6.45347e-10	0.0335409
6.4556e-10	0.0325303
6.45774e-10	0.0315258
6.45987e-10	0.0305273
6.46201e-10	0.0295349
6.46414e-10	0.0285487
6.46628e-10	0.0275687
6.46841e-10	0.0265949
6.47055e-10	0.0256273
6.47268e-10	0.024666
6.47481e-10	0.0237111
6.47695e-10	0.0227625
6.47908e-10	0.0218203
6.48122e-10	0.0208844
6.48335e-10	0.019955
6.48549e-10	0.0190321
6.48762e-10	0.0181157
6.48976e-10	0.0172057
6.49189e-10	0.0163023
6.49402e-10	0.0154055
6.49616e-10	0.0145152
6.49829e-10	0.0136316
6.50043e-10	0.0127546
6.50256e-10	0.0118842
6.5047e-10	0.0110205
6.50683e-10	0.0101635
6.50897e-10	0.00931316
6.5111e-10	0.00846957
6.51323e-10	0.00763272
6.51537e-10	0.00680263
6.5175e-10	0.00597931
6.51964e-10	0.00516277
6.52177e-10	0.00435303
6.52391e-10	0.00355011
6.52604e-10	0.00275401
6.52818e-10	0.00196475
6.53031e-10	0.00118234
6.53244e-10	0.000406792
6.53458e-10	-0.000361891
6.53671e-10	-0.0011237
6.53885e-10	-0.00187862
6.54098e-10	-0.00262665
6.54312e-10	-0.00336777
6.54525e-10	-0.004102
6.54739e-10	-0.00482931
6.54952e-10	-0.0055497
6.55165e-10	-0.00626318
6.55379e-10	-0.00696973
6.55592e-10	-0.00766936
6.55806e-10	-0.00836206
6.56019e-10	-0.00904783
6.56233e-10	-0.00972667
6.56446e-10	-0.0103986
6.5666e-10	-0.0110636
6.56873e-10	-0.0117216
6.57086e-10	-0.0123727
6.573e-10	-0.0130169
6.57513e-10	-0.0136542
6.57727e-10	-0.0142846
6.5794e-10	-0.014908
6.58154e-10	-0.0155246
6.58367e-10	-0.0161342
6.58581e-10	-0.016737
6.58794e-10	-0.0173328
6.59007e-10	-0.0179218
6.59221e-10	-0.0185039
6.59434e-10	-0.0190791
6.59648e-10	-0.0196475
6.59861e-10	-0.020209
6.60075e-10	-0.0207637
6.60288e-10	-0.0213116
6.60502e-10	-0.0218527
6.60715e-10	-0.0223869
6.60928e-10	-0.0229144
6.61142e-10	-0.023435
6.61355e-10	-0.023949
6.61569e-10	-0.0244561
6.61782e-10	-0.0249566
6.61996e-10	-0.0254503
6.62209e-10	-0.0259373
6.62423e-10	-0.0264176
6.62636e-10	-0.0268912
6.62849e-10	-0.0273582
6.63063e-10	-0.0278185
6.63276e-10	-0.0282722
6.6349e-10	-0.0287194
6.63703e-10	-0.0291599
6.63917e-10	-0.0295938
6.6413e-10	-0.0300213
6.64344e-10	-0.0304422
6.64557e-10	-0.0308565
6.6477e-10	-0.0312645
6.64984e-10	-0.0316659
6.65197e-10	-0.0320609
6.65411e-10	-0.0324495
6.65624e-10	-0.0328317
6.65838e-10	-0.0332075
6.66051e-10	-0.0335769
6.66265e-10	-0.0339401
6.66478e-10	-0.0342969
6.66691e-10	-0.0346475
6.66905e-10	-0.0349918
6.67118e-10	-0.0353299
6.67332e-10	-0.0356617
6.67545e-10	-0.0359875
6.67759e-10	-0.036307
6.67972e-10	-0.0366205
6.68186e-10	-0.0369278
6.68399e-10	-0.0372291
6.68612e-10	-0.0375243
6.68826e-10	-0.0378136
6.69039e-10	-0.0380968
6.69253e-10	-0.0383741
6.69466e-10	-0.0386455
6.6968e-10	-0.038911
6.69893e-10	-0.0391706
6.70107e-10	-0.0394244
6.7032e-10	-0.0396723
6.70533e-10	-0.0399146
6.70747e-10	-0.040151
6.7096e-10	-0.0403818
6.71174e-10	-0.0406068
6.71387e-10	-0.0408263
6.71601e-10	-0.0410401
6.71814e-10	-0.0412483
6.72028e-10	-0.041451
6.72241e-10	-0.0416481
6.72454e-10	-0.0418398
6.72668e-10	-0.042026
6.72881e-10	-0.0422068
6.73095e-10	-0.0423822
6.73308e-10	-0.0425523
6.73522e-10	-0.042717
6.73735e-10	-0.0428765
6.73949e-10	-0.0430307
6.74162e-10	-0.0431797
6.74375e-10	-0.0433235
6.74589e-10	-0.0434621
6.74802e-10	-0.0435957
6.75016e-10	-0.0437242
6.75229e-10	-0.0438476
6.75443e-10	-0.0439661
6.75656e-10	-0.0440795
6.75869e-10	-0.0441881
6.76083e-10	-0.0442917
6.76296e-10	-0.0443905
6.7651e-10	-0.0444845
6.76723e-10	-0.0445737
6.76937e-10	-0.0446581
6.7715e-10	-0.0447378
6.77364e-10	-0.0448129
6.77577e-10	-0.0448833
6.7779e-10	-0.0449491
6.78004e-10	-0.0450103
6.78217e-10	-0.045067
6.78431e-10	-0.0451192
6.78644e-10	-0.045167
6.78858e-10	-0.0452104
6.79071e-10	-0.0452494
6.79285e-10	-0.045284
6.79498e-10	-0.0453143
6.79711e-10	-0.0453404
6.79925e-10	-0.0453623
6.80138e-10	-0.0453799
6.80352e-10	-0.0453935
6.80565e-10	-0.0454029
6.80779e-10	-0.0454082
6.80992e-10	-0.0454095
6.81206e-10	-0.0454068
6.81419e-10	-0.0454002
6.81632e-10	-0.0453896
6.81846e-10	-0.0453752
6.82059e-10	-0.0453569
6.82273e-10	-0.0453348
6.82486e-10	-0.0453089
6.827e-10	-0.0452793
6.82913e-10	-0.0452461
6.83127e-10	-0.0452091
6.8334e-10	-0.0451686
6.83553e-10	-0.0451245
6.83767e-10	-0.0450769
6.8398e-10	-0.0450257
6.84194e-10	-0.0449711
6.84407e-10	-0.0449131
6.84621e-10	-0.0448517
6.84834e-10	-0.044787
6.85048e-10	-0.0447189
6.85261e-10	-0.0446476
6.85474e-10	-0.0445731
6.85688e-10	-0.0444954
6.85901e-10	-0.0444145
6.86115e-10	-0.0443305
6.86328e-10	-0.0442434
6.86542e-10	-0.0441533
6.86755e-10	-0.0440602
6.86969e-10	-0.0439642
6.87182e-10	-0.0438652
6.87395e-10	-0.0437633
6.87609e-10	-0.0436586
6.87822e-10	-0.0435511
6.88036e-10	-0.0434408
6.88249e-10	-0.0433277
6.88463e-10	-0.043212
6.88676e-10	-0.0430936
6.8889e-10	-0.0429725
6.89103e-10	-0.0428489
6.89316e-10	-0.0427228
6.8953e-10	-0.0425941
6.89743e-10	-0.0424629
6.89957e-10	-0.0423293
6.9017e-10	-0.0421933
6.90384e-10	-0.042055
6.90597e-10	-0.0419143
6.90811e-10	-0.0417713
6.91024e-10	-0.041626
6.91237e-10	-0.0414786
6.91451e-10	-0.0413289
6.91664e-10	-0.0411771
6.91878e-10	-0.0410232
6.92091e-10	-0.0408672
6.92305e-10	-0.0407091
6.92518e-10	-0.0405491
6.92732e-10	-0.040387
6.92945e-10	-0.0402231
6.93158e-10	-0.0400572
6.93372e-10	-0.0398894
6.93585e-10	-0.0397198
6.93799e-10	-0.0395484
6.94012e-10	-0.0393753
6.94226e-10	-0.0392004
6.94439e-10	-0.0390238
6.94653e-10	-0.0388456
6.94866e-10	-0.0386657
6.95079e-10	-0.0384842
6.95293e-10	-0.0383011
6.95506e-10	-0.0381165
6.9572e-10	-0.0379305
6.95933e-10	-0.0377429
6.96147e-10	-0.0375539
6.9636e-10	-0.0373635
6.96574e-10	-0.0371717
6.96787e-10	-0.0369786
6.97e-10	-0.0367842
6.97214e-10	-0.0365885
6.97427e-10	-0.0363916
6.97641e-10	-0.0361935
6.97854e-10	-0.0359941
6.98068e-10	-0.0357937
6.98281e-10	-0.0355921
6.98495e-10	-0.0353894
6.98708e-10	-0.0351856
6.98921e-10	-0.0349809
6.99135e-10	-0.0347751
6.99348e-10	-0.0345684
6.99562e-10	-0.0343607
6.99775e-10	-0.0341521
6.99989e-10	-0.0339426
7.00202e-10	-0.0337323
7.00416e-10	-0.0335211
7.00629e-10	-0.0333092
7.00842e-10	-0.0330965
7.01056e-10	-0.032883
7.01269e-10	-0.0326688
7.01483e-10	-0.032454
7.01696e-10	-0.0322385
7.0191e-10	-0.0320224
7.02123e-10	-0.0318056
7.02337e-10	-0.0315883
7.0255e-10	-0.0313704
7.02763e-10	-0.0311521
7.02977e-10	-0.0309332
7.0319e-10	-0.0307138
7.03404e-10	-0.0304941
7.03617e-10	-0.0302739
7.03831e-10	-0.0300533
7.04044e-10	-0.0298323
7.04258e-10	-0.029611
7.04471e-10	-0.0293894
7.04684e-10	-0.0291674
7.04898e-10	-0.0289453
7.05111e-10	-0.0287228
7.05325e-10	-0.0285002
7.05538e-10	-0.0282773
7.05752e-10	-0.0280543
7.05965e-10	-0.0278311
7.06179e-10	-0.0276078
7.06392e-10	-0.0273844
7.06605e-10	-0.0271609
7.06819e-10	-0.0269374
7.07032e-10	-0.0267138
7.07246e-10	-0.0264902
7.07459e-10	-0.0262666
7.07673e-10	-0.026043
7.07886e-10	-0.0258195
7.08099e-10	-0.0255961
7.08313e-10	-0.0253727
7.08526e-10	-0.0251494
7.0874e-10	-0.0249263
7.08953e-10	-0.0247034
7.09167e-10	-0.0244806
7.0938e-10	-0.024258
7.09594e-10	-0.0240356
7.09807e-10	-0.0238134
7.1002e-10	-0.0235915
7.10234e-10	-0.0233698
7.10447e-10	-0.0231485
7.10661e-10	-0.0229274
7.10874e-10	-0.0227067
7.11088e-10	-0.0224863
7.11301e-10	-0.0222663
7.11515e-10	-0.0220466
7.11728e-10	-0.0218274
7.11941e-10	-0.0216085
7.12155e-10	-0.0213901
7.12368e-10	-0.0211721
7.12582e-10	-0.0209546
7.12795e-10	-0.0207375
7.13009e-10	-0.020521
7.13222e-10	-0.0203049
7.13436e-10	-0.0200894
7.13649e-10	-0.0198744
7.13862e-10	-0.01966
7.14076e-10	-0.0194461
7.14289e-10	-0.0192329
7.14503e-10	-0.0190202
7.14716e-10	-0.0188081
7.1493e-10	-0.0185967
7.15143e-10	-0.0183859
7.15357e-10	-0.0181758
7.1557e-10	-0.0179663
7.15783e-10	-0.0177575
7.15997e-10	-0.0175494
7.1621e-10	-0.017342
7.16424e-10	-0.0171353
7.16637e-10	-0.0169294
7.16851e-10	-0.0167242
7.17064e-10	-0.0165198
7.17278e-10	-0.0163161
7.17491e-10	-0.0161132
7.17704e-10	-0.0159111
7.17918e-10	-0.0157098
7.18131e-10	-0.0155093
7.18345e-10	-0.0153096
7.18558e-10	-0.0151108
7.18772e-10	-0.0149128
7.18985e-10	-0.0147157
7.19199e-10	-0.0145194
7.19412e-10	-0.014324
7.19625e-10	-0.0141295
7.19839e-10	-0.0139359
7.20052e-10	-0.0137432
7.20266e-10	-0.0135514
7.20479e-10	-0.0133606
7.20693e-10	-0.0131706
7.20906e-10	-0.0129816
7.2112e-10	-0.0127935
7.21333e-10	-0.0126064
7.21546e-10	-0.0124203
7.2176e-10	-0.0122351
7.21973e-10	-0.0120509
7.22187e-10	-0.0118677
7.224e-10	-0.0116855
7.22614e-10	-0.0115043
7.22827e-10	-0.0113241
7.23041e-10	-0.0111449
7.23254e-10	-0.0109667
7.23467e-10	-0.0107895
7.23681e-10	-0.0106134
7.23894e-10	-0.0104383
7.24108e-10	-0.0102643
7.24321e-10	-0.0100913
7.24535e-10	-0.00991932
7.24748e-10	-0.00974844
7.24962e-10	-0.00957863
7.25175e-10	-0.00940988
7.25388e-10	-0.00924221
7.25602e-10	-0.00907562
7.25815e-10	-0.00891011
7.26029e-10	-0.00874569
7.26242e-10	-0.00858236
7.26456e-10	-0.00842013
7.26669e-10	-0.008259
7.26883e-10	-0.00809897
7.27096e-10	-0.00794005
7.27309e-10	-0.00778224
7.27523e-10	-0.00762555
7.27736e-10	-0.00746997
7.2795e-10	-0.00731551
7.28163e-10	-0.00716217
7.28377e-10	-0.00700996
7.2859e-10	-0.00685888
7.28804e-10	-0.00670892
7.29017e-10	-0.0065601
7.2923e-10	-0.00641241
7.29444e-10	-0.00626586
7.29657e-10	-0.00612045
7.29871e-10	-0.00597617
7.30084e-10	-0.00583304
7.30298e-10	-0.00569105
7.30511e-10	-0.0055502
7.30725e-10	-0.0054105
7.30938e-10	-0.00527194
7.31151e-10	-0.00513453
7.31365e-10	-0.00499827
7.31578e-10	-0.00486315
7.31792e-10	-0.00472918
7.32005e-10	-0.00459637
7.32219e-10	-0.0044647
7.32432e-10	-0.00433417
7.32646e-10	-0.0042048
7.32859e-10	-0.00407658
7.33072e-10	-0.0039495
7.33286e-10	-0.00382357
7.33499e-10	-0.00369879
7.33713e-10	-0.00357516
7.33926e-10	-0.00345267
7.3414e-10	-0.00333133
7.34353e-10	-0.00321113
7.34567e-10	-0.00309207
7.3478e-10	-0.00297416
7.34993e-10	-0.00285738
7.35207e-10	-0.00274175
7.3542e-10	-0.00262725
7.35634e-10	-0.00251389
7.35847e-10	-0.00240167
7.36061e-10	-0.00229057
7.36274e-10	-0.00218061
7.36488e-10	-0.00207177
7.36701e-10	-0.00196407
7.36914e-10	-0.00185748
7.37128e-10	-0.00175202
7.37341e-10	-0.00164768
7.37555e-10	-0.00154446
7.37768e-10	-0.00144235
7.37982e-10	-0.00134135
7.38195e-10	-0.00124146
7.38409e-10	-0.00114268
7.38622e-10	-0.001045
7.38835e-10	-0.00094842
7.39049e-10	-0.00085294
7.39262e-10	-0.000758553
7.39476e-10	-0.000665258
7.39689e-10	-0.00057305
7.39903e-10	-0.000481927
7.40116e-10	-0.000391885
7.40329e-10	-0.00030292
7.40543e-10	-0.000215028
7.40756e-10	-0.000128207
7.4097e-10	-4.24515e-05
7.41183e-10	4.22412e-05
7.41397e-10	0.000125875
7.4161e-10	0.000208455
7.41824e-10	0.000289984
7.42037e-10	0.000370467
7.4225e-10	0.000449908
7.42464e-10	0.00052831
7.42677e-10	0.000605679
7.42891e-10	0.000682019
7.43104e-10	0.000757334
7.43318e-10	0.000831628
7.43531e-10	0.000904906
7.43745e-10	0.000977173
7.43958e-10	0.00104843
7.44171e-10	0.00111869
7.44385e-10	0.00118795
7.44598e-10	0.00125622
7.44812e-10	0.0013235
7.45025e-10	0.0013898
7.45239e-10	0.00145512
7.45452e-10	0.00151947
7.45666e-10	0.00158285
7.45879e-10	0.00164527
7.46092e-10	0.00170673
7.46306e-10	0.00176723
7.46519e-10	0.00182679
7.46733e-10	0.00188541
7.46946e-10	0.00194309
7.4716e-10	0.00199985
7.47373e-10	0.00205567
7.47587e-10	0.00211057
7.478e-10	0.00216456
7.48013e-10	0.00221764
7.48227e-10	0.00226982
7.4844e-10	0.0023211
7.48654e-10	0.00237148
7.48867e-10	0.00242098
7.49081e-10	0.0024696
7.49294e-10	0.00251734
7.49508e-10	0.00256421
7.49721e-10	0.00261021
7.49934e-10	0.00265536
7.50148e-10	0.00269965
7.50361e-10	0.0027431
7.50575e-10	0.0027857
7.50788e-10	0.00282747
7.51002e-10	0.00286841
7.51215e-10	0.00290853
7.51429e-10	0.00294783
7.51642e-10	0.00298631
7.51855e-10	0.00302399
7.52069e-10	0.00306087
7.52282e-10	0.00309696
7.52496e-10	0.00313226
7.52709e-10	0.00316677
7.52923e-10	0.00320051
7.53136e-10	0.00323348
7.5335e-10	0.00326569
7.53563e-10	0.00329713
7.53776e-10	0.00332783
7.5399e-10	0.00335778
7.54203e-10	0.00338699
7.54417e-10	0.00341547
7.5463e-10	0.00344322
7.54844e-10	0.00347025
7.55057e-10	0.00349656
7.55271e-10	0.00352216
7.55484e-10	0.00354706
7.55697e-10	0.00357127
7.55911e-10	0.00359478
7.56124e-10	0.00361761
7.56338e-10	0.00363976
7.56551e-10	0.00366123
7.56765e-10	0.00368205
7.56978e-10	0.0037022
7.57192e-10	0.00372169
7.57405e-10	0.00374054
7.57618e-10	0.00375875
7.57832e-10	0.00377632
7.58045e-10	0.00379326
7.58259e-10	0.00380958
7.58472e-10	0.00382528
7.58686e-10	0.00384037
7.58899e-10	0.00385485
7.59113e-10	0.00386874
7.59326e-10	0.00388203
7.59539e-10	0.00389474
7.59753e-10	0.00390686
7.59966e-10	0.00391841
7.6018e-10	0.00392939
7.60393e-10	0.00393981
7.60607e-10	0.00394967
7.6082e-10	0.00395898
7.61034e-10	0.00396775
7.61247e-10	0.00397597
7.6146e-10	0.00398367
7.61674e-10	0.00399083
7.61887e-10	0.00399748
7.62101e-10	0.00400361
7.62314e-10	0.00400923
7.62528e-10	0.00401435
7.62741e-10	0.00401897
7.62955e-10	0.0040231
7.63168e-10	0.00402675
7.63381e-10	0.00402991
7.63595e-10	0.0040326
7.63808e-10	0.00403482
7.64022e-10	0.00403658
7.64235e-10	0.00403788
7.64449e-10	0.00403873
7.64662e-10	0.00403914
7.64876e-10	0.00403911
7.65089e-10	0.00403864
7.65302e-10	0.00403774
7.65516e-10	0.00403642
7.65729e-10	0.00403469
7.65943e-10	0.00403254
7.66156e-10	0.00402999
7.6637e-10	0.00402703
7.66583e-10	0.00402368
7.66797e-10	0.00401994
7.6701e-10	0.00401582
7.67223e-10	0.00401132
7.67437e-10	0.00400644
7.6765e-10	0.0040012
7.67864e-10	0.0039956
7.68077e-10	0.00398963
7.68291e-10	0.00398332
7.68504e-10	0.00397666
7.68718e-10	0.00396965
7.68931e-10	0.00396232
7.69144e-10	0.00395465
7.69358e-10	0.00394665
7.69571e-10	0.00393833
7.69785e-10	0.0039297
7.69998e-10	0.00392076
7.70212e-10	0.00391151
7.70425e-10	0.00390196
7.70639e-10	0.00389211
7.70852e-10	0.00388198
7.71065e-10	0.00387156
7.71279e-10	0.00386086
7.71492e-10	0.00384988
7.71706e-10	0.00383863
7.71919e-10	0.00382712
7.72133e-10	0.00381534
7.72346e-10	0.00380331
7.72559e-10	0.00379102
7.72773e-10	0.00377849
7.72986e-10	0.00376571
7.732e-10	0.0037527
7.73413e-10	0.00373945
7.73627e-10	0.00372598
7.7384e-10	0.00371228
7.74054e-10	0.00369836
7.74267e-10	0.00368422
7.7448e-10	0.00366988
7.74694e-10	0.00365532
7.74907e-10	0.00364057
7.75121e-10	0.00362561
7.75334e-10	0.00361047
7.75548e-10	0.00359513
7.75761e-10	0.00357961
7.75975e-10	0.00356391
7.76188e-10	0.00354803
7.76401e-10	0.00353197
7.76615e-10	0.00351575
7.76828e-10	0.00349937
7.77042e-10	0.00348282
7.77255e-10	0.00346612
7.77469e-10	0.00344927
7.77682e-10	0.00343226
7.77896e-10	0.00341511
7.78109e-10	0.00339782
7.78322e-10	0.0033804
7.78536e-10	0.00336284
7.78749e-10	0.00334515
7.78963e-10	0.00332734
7.79176e-10	0.0033094
7.7939e-10	0.00329134
7.79603e-10	0.00327318
7.79817e-10	0.00325489
7.8003e-10	0.00323651
7.80243e-10	0.00321801
7.80457e-10	0.00319942
7.8067e-10	0.00318073
7.80884e-10	0.00316195
7.81097e-10	0.00314307
7.81311e-10	0.00312411
7.81524e-10	0.00310506
7.81738e-10	0.00308594
7.81951e-10	0.00306674
7.82164e-10	0.00304746
7.82378e-10	0.00302811
7.82591e-10	0.0030087
7.82805e-10	0.00298922
7.83018e-10	0.00296968
7.83232e-10	0.00295008
7.83445e-10	0.00293042
7.83659e-10	0.00291072
7.83872e-10	0.00289096
7.84085e-10	0.00287116
7.84299e-10	0.00285131
7.84512e-10	0.00283143
7.84726e-10	0.0028115
7.84939e-10	0.00279154
7.85153e-10	0.00277155
7.85366e-10	0.00275153
7.8558e-10	0.00273148
7.85793e-10	0.00271141
7.86006e-10	0.00269131
7.8622e-10	0.0026712
7.86433e-10	0.00265107
7.86647e-10	0.00263093
7.8686e-10	0.00261077
7.87074e-10	0.00259061
7.87287e-10	0.00257044
7.87501e-10	0.00255026
7.87714e-10	0.00253008
7.87927e-10	0.00250991
7.88141e-10	0.00248974
7.88354e-10	0.00246957
7.88568e-10	0.00244941
7.88781e-10	0.00242926
7.88995e-10	0.00240912
7.89208e-10	0.00238899
7.89422e-10	0.00236888
7.89635e-10	0.00234879
7.89848e-10	0.00232872
7.90062e-10	0.00230867
7.90275e-10	0.00228865
7.90489e-10	0.00226865
7.90702e-10	0.00224868
7.90916e-10	0.00222874
7.91129e-10	0.00220883
7.91343e-10	0.00218896
7.91556e-10	0.00216912
7.91769e-10	0.00214932
7.91983e-10	0.00212956
7.92196e-10	0.00210984
7.9241e-10	0.00209016
7.92623e-10	0.00207053
7.92837e-10	0.00205094
7.9305e-10	0.0020314
7.93264e-10	0.00201191
7.93477e-10	0.00199247
7.9369e-10	0.00197309
7.93904e-10	0.00195375
7.94117e-10	0.00193448
7.94331e-10	0.00191526
7.94544e-10	0.00189609
7.94758e-10	0.00187699
7.94971e-10	0.00185795
7.95185e-10	0.00183897
7.95398e-10	0.00182006
7.95611e-10	0.00180121
7.95825e-10	0.00178242
7.96038e-10	0.00176371
7.96252e-10	0.00174506
7.96465e-10	0.00172649
7.96679e-10	0.00170798
7.96892e-10	0.00168955
7.97106e-10	0.00167119
7.97319e-10	0.00165291
7.97532e-10	0.0016347
7.97746e-10	0.00161657
7.97959e-10	0.00159851
7.98173e-10	0.00158054
7.98386e-10	0.00156264
7.986e-10	0.00154483
7.98813e-10	0.0015271
7.99027e-10	0.00150945
7.9924e-10	0.00149189
7.99453e-10	0.0014744
7.99667e-10	0.00145701
7.9988e-10	0.0014397
8.00094e-10	0.00142248
8.00307e-10	0.00140534
8.00521e-10	0.0013883
8.00734e-10	0.00137134
8.00948e-10	0.00135448
8.01161e-10	0.0013377
8.01374e-10	0.00132102
8.01588e-10	0.00130443
8.01801e-10	0.00128793
8.02015e-10	0.00127152
8.02228e-10	0.00125521
8.02442e-10	0.001239
8.02655e-10	0.00122288
8.02869e-10	0.00120685
8.03082e-10	0.00119092
8.03295e-10	0.00117509
8.03509e-10	0.00115935
8.03722e-10	0.00114372
8.03936e-10	0.00112818
8.04149e-10	0.00111274
8.04363e-10	0.0010974
8.04576e-10	0.00108215
8.04789e-10	0.00106701
8.05003e-10	0.00105197
8.05216e-10	0.00103703
8.0543e-10	0.00102219
8.05643e-10	0.00100745
8.05857e-10	0.000992812
8.0607e-10	0.000978276
8.06284e-10	0.000963842
8.06497e-10	0.000949511
8.0671e-10	0.000935282
8.06924e-10	0.000921156
8.07137e-10	0.000907132
8.07351e-10	0.000893212
8.07564e-10	0.000879395
8.07778e-10	0.000865682
8.07991e-10	0.000852072
8.08205e-10	0.000838566
8.08418e-10	0.000825163
8.08631e-10	0.000811865
8.08845e-10	0.000798671
8.09058e-10	0.00078558
8.09272e-10	0.000772594
8.09485e-10	0.000759712
8.09699e-10	0.000746934
8.09912e-10	0.000734261
8.10126e-10	0.000721692
8.10339e-10	0.000709227
8.10552e-10	0.000696866
8.10766e-10	0.000684609
8.10979e-10	0.000672457
8.11193e-10	0.000660408
8.11406e-10	0.000648463
8.1162e-10	0.000636623
8.11833e-10	0.000624886
8.12047e-10	0.000613253
8.1226e-10	0.000601724
8.12473e-10	0.000590298
8.12687e-10	0.000578975
8.129e-10	0.000567755
8.13114e-10	0.000556639
8.13327e-10	0.000545625
8.13541e-10	0.000534714
8.13754e-10	0.000523906
8.13968e-10	0.0005132
8.14181e-10	0.000502596
8.14394e-10	0.000492093
8.14608e-10	0.000481693
8.14821e-10	0.000471393
8.15035e-10	0.000461195
8.15248e-10	0.000451098
8.15462e-10	0.000441101
8.15675e-10	0.000431205
8.15889e-10	0.000421409
8.16102e-10	0.000411712
8.16315e-10	0.000402115
8.16529e-10	0.000392617
8.16742e-10	0.000383218
8.16956e-10	0.000373918
8.17169e-10	0.000364715
8.17383e-10	0.000355611
8.17596e-10	0.000346604
8.1781e-10	0.000337694
8.18023e-10	0.000328881
8.18236e-10	0.000320165
8.1845e-10	0.000311544
8.18663e-10	0.000303019
8.18877e-10	0.00029459
8.1909e-10	0.000286255
8.19304e-10	0.000278015
8.19517e-10	0.000269869
8.19731e-10	0.000261817
8.19944e-10	0.000253858
8.20157e-10	0.000245992
8.20371e-10	0.000238218
8.20584e-10	0.000230537
8.20798e-10	0.000222947
8.21011e-10	0.000215448
8.21225e-10	0.00020804
8.21438e-10	0.000200722
8.21652e-10	0.000193493
8.21865e-10	0.000186354
8.22078e-10	0.000179304
8.22292e-10	0.000172343
8.22505e-10	0.000165469
8.22719e-10	0.000158683
8.22932e-10	0.000151983
8.23146e-10	0.00014537
8.23359e-10	0.000138843
8.23573e-10	0.000132402
8.23786e-10	0.000126045
8.23999e-10	0.000119773
8.24213e-10	0.000113585
8.24426e-10	0.000107481
8.2464e-10	0.000101459
8.24853e-10	9.552e-05
8.25067e-10	8.96628e-05
8.2528e-10	8.3887e-05
8.25494e-10	7.81922e-05
8.25707e-10	7.25777e-05
8.2592e-10	6.70431e-05
8.26134e-10	6.15878e-05
8.26347e-10	5.62113e-05
8.26561e-10	5.0913e-05
8.26774e-10	4.56925e-05
8.26988e-10	4.05492e-05
8.27201e-10	3.54826e-05
8.27415e-10	3.0492e-05
8.27628e-10	2.55771e-05
8.27841e-10	2.07372e-05
8.28055e-10	1.59717e-05
8.28268e-10	1.12802e-05
8.28482e-10	6.66214e-06
8.28695e-10	2.1169e-06
8.28909e-10	-2.35604e-06
8.29122e-10	-6.75723e-06
8.29336e-10	-1.10872e-05
8.29549e-10	-1.53466e-05
8.29762e-10	-1.95358e-05
8.29976e-10	-2.36555e-05
8.30189e-10	-2.77062e-05
8.30403e-10	-3.16885e-05
8.30616e-10	-3.56029e-05
8.3083e-10	-3.945e-05
8.31043e-10	-4.32303e-05
8.31257e-10	-4.69443e-05
8.3147e-10	-5.05928e-05
8.31683e-10	-5.41761e-05
8.31897e-10	-5.76949e-05
8.3211e-10	-6.11496e-05
8.32324e-10	-6.4541e-05
8.32537e-10	-6.78694e-05
8.32751e-10	-7.11356e-05
8.32964e-10	-7.43399e-05
8.33178e-10	-7.74831e-05
8.33391e-10	-8.05656e-05
8.33604e-10	-8.35879e-05
8.33818e-10	-8.65507e-05
8.34031e-10	-8.94545e-05
8.34245e-10	-9.22999e-05
8.34458e-10	-9.50873e-05
8.34672e-10	-9.78174e-05
8.34885e-10	-0.000100491
8.35099e-10	-0.000103108
8.35312e-10	-0.000105669
8.35525e-10	-0.000108175
8.35739e-10	-0.000110627
8.35952e-10	-0.000113024
8.36166e-10	-0.000115368
8.36379e-10	-0.000117659
8.36593e-10	-0.000119897
8.36806e-10	-0.000122084
8.37019e-10	-0.000124219
8.37233e-10	-0.000126303
8.37446e-10	-0.000128337
8.3766e-10	-0.000130321
8.37873e-10	-0.000132256
8.38087e-10	-0.000134142
8.383e-10	-0.00013598
8.38514e-10	-0.00013777
8.38727e-10	-0.000139513
8.3894e-10	-0.000141209
8.39154e-10	-0.00014286
8.39367e-10	-0.000144464
8.39581e-10	-0.000146024
8.39794e-10	-0.000147539
8.40008e-10	-0.00014901
8.40221e-10	-0.000150437
8.40435e-10	-0.000151822
8.40648e-10	-0.000153163
8.40861e-10	-0.000154463
8.41075e-10	-0.000155721
8.41288e-10	-0.000156939
8.41502e-10	-0.000158115
8.41715e-10	-0.000159252
8.41929e-10	-0.000160349
8.42142e-10	-0.000161406
8.42356e-10	-0.000162426
8.42569e-10	-0.000163407
8.42782e-10	-0.000164351
8.42996e-10	-0.000165257
8.43209e-10	-0.000166127
8.43423e-10	-0.00016696
8.43636e-10	-0.000167758
8.4385e-10	-0.00016852
8.44063e-10	-0.000169248
8.44277e-10	-0.000169941
8.4449e-10	-0.000170601
8.44703e-10	-0.000171227
8.44917e-10	-0.00017182
8.4513e-10	-0.000172381
8.45344e-10	-0.000172909
8.45557e-10	-0.000173406
8.45771e-10	-0.000173872
8.45984e-10	-0.000174307
8.46198e-10	-0.000174712
8.46411e-10	-0.000175086
8.46624e-10	-0.000175432
8.46838e-10	-0.000175748
8.47051e-10	-0.000176036
8.47265e-10	-0.000176296
8.47478e-10	-0.000176528
8.47692e-10	-0.000176732
8.47905e-10	-0.00017691
8.48119e-10	-0.000177062
8.48332e-10	-0.000177187
8.48545e-10	-0.000177286
8.48759e-10	-0.000177361
8.48972e-10	-0.00017741
8.49186e-10	-0.000177435
8.49399e-10	-0.000177436
8.49613e-10	-0.000177413
8.49826e-10	-0.000177367
8.5004e-10	-0.000177298
8.50253e-10	-0.000177206
8.50466e-10	-0.000177093
8.5068e-10	-0.000176957
8.50893e-10	-0.0001768
8.51107e-10	-0.000176622
8.5132e-10	-0.000176424
8.51534e-10	-0.000176205
8.51747e-10	-0.000175966
8.51961e-10	-0.000175708
8.52174e-10	-0.00017543
8.52387e-10	-0.000175134
8.52601e-10	-0.000174819
8.52814e-10	-0.000174486
8.53028e-10	-0.000174135
8.53241e-10	-0.000173766
8.53455e-10	-0.00017338
8.53668e-10	-0.000172978
8.53882e-10	-0.000172559
8.54095e-10	-0.000172124
8.54308e-10	-0.000171673
8.54522e-10	-0.000171206
8.54735e-10	-0.000170725
8.54949e-10	-0.000170228
8.55162e-10	-0.000169717
8.55376e-10	-0.000169191
8.55589e-10	-0.000168652
8.55803e-10	-0.000168099
8.56016e-10	-0.000167532
8.56229e-10	-0.000166953
8.56443e-10	-0.000166361
8.56656e-10	-0.000165756
8.5687e-10	-0.000165139
8.57083e-10	-0.00016451
8.57297e-10	-0.00016387
8.5751e-10	-0.000163218
8.57724e-10	-0.000162555
8.57937e-10	-0.000161881
8.5815e-10	-0.000161197
8.58364e-10	-0.000160503
8.58577e-10	-0.000159798
8.58791e-10	-0.000159084
8.59004e-10	-0.000158361
8.59218e-10	-0.000157628
8.59431e-10	-0.000156886
8.59645e-10	-0.000156135
8.59858e-10	-0.000155376
8.60071e-10	-0.000154609
8.60285e-10	-0.000153834
8.60498e-10	-0.000153051
8.60712e-10	-0.000152261
8.60925e-10	-0.000151463
8.61139e-10	-0.000150658
8.61352e-10	-0.000149847
8.61566e-10	-0.000149029
8.61779e-10	-0.000148204
8.61992e-10	-0.000147374
8.62206e-10	-0.000146537
8.62419e-10	-0.000145695
8.62633e-10	-0.000144847
8.62846e-10	-0.000143994
8.6306e-10	-0.000143136
8.63273e-10	-0.000142273
8.63487e-10	-0.000141405
8.637e-10	-0.000140533
8.63913e-10	-0.000139657
8.64127e-10	-0.000138776
8.6434e-10	-0.000137892
8.64554e-10	-0.000137003
8.64767e-10	-0.000136112
8.64981e-10	-0.000135217
8.65194e-10	-0.000134318
8.65408e-10	-0.000133417
8.65621e-10	-0.000132513
8.65834e-10	-0.000131606
8.66048e-10	-0.000130697
8.66261e-10	-0.000129786
8.66475e-10	-0.000128872
8.66688e-10	-0.000127956
8.66902e-10	-0.000127039
8.67115e-10	-0.00012612
8.67329e-10	-0.000125199
8.67542e-10	-0.000124277
8.67755e-10	-0.000123354
8.67969e-10	-0.00012243
8.68182e-10	-0.000121505
