% time-domain current integration by openEMS v0.0.36-145-g8ee535b @Thu Apr  2 14:33:43 2026
% start-coordinates: (-0.014,-0.000762712,0) m -> [0,28,1]
% stop-coordinates: (-0.009,0.000457627,0) m -> [1,32,1]
% t/s	current
1.06721853194e-13	0
1.39805627685e-11	-3.0201761092e-08
2.78544036837e-11	-3.23352118414e-08
4.1728244599e-11	-5.78272985052e-09
5.56020855143e-11	7.69867583017e-08
6.94759264296e-11	2.46117309644e-07
8.33497673448e-11	4.94178095778e-07
9.72236082601e-11	7.56324709528e-07
1.11097449175e-10	8.59157012201e-07
1.24971290091e-10	5.22943651049e-07
1.38845131006e-10	-5.75090552957e-07
1.52718971921e-10	-2.63482638729e-06
1.66592812836e-10	-5.4777801779e-06
1.80466653752e-10	-8.29978944239e-06
1.94340494667e-10	-9.58038617682e-06
2.08214335582e-10	-7.34659124646e-06
2.22088176498e-10	1.01880608838e-07
2.35962017413e-10	1.31143824547e-05
2.49835858328e-10	2.96412035823e-05
2.63709699243e-10	4.48135724582e-05
2.77583540159e-10	5.17286171089e-05
2.91457381074e-10	4.36222726421e-05
3.05331221989e-10	1.69501308847e-05
3.19205062905e-10	-2.581391891e-05
3.3307890382e-10	-7.51238039811e-05
3.46952744735e-10	-0.000116132017865
3.6082658565e-10	-0.000133273322717
3.74700426566e-10	-0.000116231858556
3.88574267481e-10	-6.48938657832e-05
4.02448108396e-10	9.11121787794e-06
4.16321949311e-10	8.54070094647e-05
4.30195790227e-10	0.000141632714076
4.44069631142e-10	0.000161374671734
4.57943472057e-10	0.00014003792603
4.71817312973e-10	8.62021479406e-05
4.85691153888e-10	1.79961043614e-05
4.99564994803e-10	-4.3839780119e-05
5.13438835718e-10	-8.32314326544e-05
5.27312676634e-10	-9.34963245527e-05
5.41186517549e-10	-7.80294285505e-05
5.55060358464e-10	-4.72702849947e-05
5.68934199379e-10	-1.37680835905e-05
5.82808040295e-10	1.24271045934e-05
5.9668188121e-10	2.63853580691e-05
6.10555722125e-10	2.84338584606e-05
6.24429563041e-10	2.24084069487e-05
6.38303403956e-10	1.32106952151e-05
6.52177244871e-10	4.79753134641e-06
6.66051085786e-10	-7.86504472217e-07
6.79924926702e-10	-3.31746741722e-06
6.93798767617e-10	-3.65794085155e-06
7.07672608532e-10	-2.91814126285e-06
7.21546449447e-10	-1.88879482721e-06
7.35420290363e-10	-8.9223692612e-07
7.49294131278e-10	6.32701357972e-08
7.63167972193e-10	1.02247122413e-06
7.77041813109e-10	1.90968216884e-06
7.90915654024e-10	2.51657615991e-06
8.04789494939e-10	2.62083608504e-06
8.18663335854e-10	2.14049350689e-06
8.3253717677e-10	1.21129733088e-06
8.46411017685e-10	1.46611299101e-07
8.602848586e-10	-6.97250925441e-07
8.74158699515e-10	-1.08044275748e-06
8.88032540431e-10	-9.66238985711e-07
9.01906381346e-10	-4.96789255067e-07
9.15780222261e-10	8.77313652836e-08
9.29654063177e-10	5.82169036534e-07
9.43527904092e-10	8.99637484508e-07
9.57401745007e-10	1.06935965505e-06
9.71275585922e-10	1.16949229323e-06
9.85149426838e-10	1.24366056298e-06
9.99023267753e-10	1.26263330458e-06
1.01289710867e-09	1.1502270354e-06
1.02677094958e-09	8.60331851982e-07
1.0406447905e-09	4.42537327672e-07
1.05451863141e-09	5.19591480952e-08
1.06839247233e-09	-1.19557896028e-07
1.08226631324e-09	5.11796081071e-08
1.09614015416e-09	5.31120178948e-07
1.11001399508e-09	1.1199022083e-06
1.12388783599e-09	1.53191444952e-06
1.13776167691e-09	1.52800623709e-06
1.15163551782e-09	1.04017124158e-06
1.16550935874e-09	2.136533368e-07
1.17938319965e-09	-6.47236845452e-07
1.19325704057e-09	-1.21233927075e-06
1.20713088148e-09	-1.26499662656e-06
1.2210047224e-09	-7.87576539096e-07
1.23487856331e-09	4.39263132535e-08
1.24875240423e-09	9.47849912336e-07
1.26262624514e-09	1.65624044257e-06
1.27650008606e-09	2.0108057015e-06
1.29037392697e-09	1.99571627491e-06
1.30424776789e-09	1.70493365204e-06
1.3181216088e-09	1.27353939661e-06
1.33199544972e-09	8.11038887605e-07
1.34586929063e-09	3.7672060671e-07
1.35974313155e-09	-8.18194312302e-09
1.37361697247e-09	-3.25992061789e-07
1.38749081338e-09	-5.37283028734e-07
1.4013646543e-09	-5.85152520216e-07
1.41523849521e-09	-4.28591960144e-07
1.42911233613e-09	-8.07155018379e-08
1.44298617704e-09	3.73920215679e-07
1.45686001796e-09	8.00816849278e-07
1.47073385887e-09	1.0687978147e-06
1.48460769979e-09	1.10865642e-06
1.4984815407e-09	9.44726537e-07
1.51235538162e-09	6.80601033309e-07
1.52622922253e-09	4.47182543439e-07
1.54010306345e-09	3.38012910106e-07
1.55397690436e-09	3.6849718299e-07
1.56785074528e-09	4.77226706153e-07
1.58172458619e-09	5.68398149881e-07
1.59559842711e-09	5.66960409287e-07
1.60947226803e-09	4.5895205858e-07
1.62334610894e-09	2.94585021265e-07
1.63721994986e-09	1.53957529392e-07
1.65109379077e-09	1.01394419971e-07
1.66496763169e-09	1.49876342448e-07
1.6788414726e-09	2.59838856209e-07
1.69271531352e-09	3.66882119351e-07
1.70658915443e-09	4.21607666112e-07
1.72046299535e-09	4.16947500526e-07
1.73433683626e-09	3.88256751194e-07
1.74821067718e-09	3.86749718473e-07
1.76208451809e-09	4.43651401838e-07
1.77595835901e-09	5.46366379695e-07
1.78983219992e-09	6.42836766929e-07
1.80370604084e-09	6.69735754855e-07
1.81757988175e-09	5.90256775013e-07
1.83145372267e-09	4.18739176666e-07
1.84532756358e-09	2.18248146666e-07
1.8592014045e-09	7.0938071417e-08
1.87307524542e-09	3.76305848704e-08
1.88694908633e-09	1.26565240066e-07
1.90082292725e-09	2.89906353146e-07
1.91469676816e-09	4.47439305162e-07
1.92857060908e-09	5.26307871951e-07
1.94244444999e-09	4.95875099205e-07
1.95631829091e-09	3.78963278536e-07
1.97019213182e-09	2.38099374883e-07
1.98406597274e-09	1.40860677789e-07
1.99793981365e-09	1.28171379288e-07
2.01181365457e-09	1.98168010002e-07
2.02568749548e-09	3.12410151082e-07
2.0395613364e-09	4.205337234e-07
2.05343517731e-09	4.85806197048e-07
2.06730901823e-09	4.9925466783e-07
2.08118285914e-09	4.75868546346e-07
2.09505670006e-09	4.38438291894e-07
2.10893054097e-09	4.00559315494e-07
2.12280438189e-09	3.5919504171e-07
2.13667822281e-09	3.01802003833e-07
2.15055206372e-09	2.20816318119e-07
2.16442590464e-09	1.25835100562e-07
2.17829974555e-09	4.48688339816e-08
2.19217358647e-09	1.20678516069e-08
2.20604742738e-09	4.85602100753e-08
2.2199212683e-09	1.49509475023e-07
2.23379510921e-09	2.82887953063e-07
2.24766895013e-09	4.0244850652e-07
2.26154279104e-09	4.68908950779e-07
2.27541663196e-09	4.67252732506e-07
2.28929047287e-09	4.1103172066e-07
2.30316431379e-09	3.33516311457e-07
2.3170381547e-09	2.68881677812e-07
2.33091199562e-09	2.35822369632e-07
2.34478583653e-09	2.31240235848e-07
2.35865967745e-09	2.3550909134e-07
2.37253351837e-09	2.27554693311e-07
2.38640735928e-09	1.98185531985e-07
2.4002812002e-09	1.56355937975e-07
2.41415504111e-09	1.22936967273e-07
2.42802888203e-09	1.1800494093e-07
2.44190272294e-09	1.4815321947e-07
2.45577656386e-09	2.01537886824e-07
2.46965040477e-09	2.53902754821e-07
2.48352424569e-09	2.81329761265e-07
2.4973980866e-09	2.73768449688e-07
2.51127192752e-09	2.39866096763e-07
2.52514576843e-09	2.01811019451e-07
2.53901960935e-09	1.82577750252e-07
2.55289345026e-09	1.92461072857e-07
2.56676729118e-09	2.23763848339e-07
2.58064113209e-09	2.54749863871e-07
2.59451497301e-09	2.62502396708e-07
2.60838881392e-09	2.35606975707e-07
2.62226265484e-09	1.80880519451e-07
2.63613649576e-09	1.19932508369e-07
2.65001033667e-09	7.78071012064e-08
2.66388417759e-09	7.02057292301e-08
2.6777580185e-09	9.61816297718e-08
2.69163185942e-09	1.39718366654e-07
2.70550570033e-09	1.78997311195e-07
2.71937954125e-09	1.97567132432e-07
2.73325338216e-09	1.91940699779e-07
2.74712722308e-09	1.71136875338e-07
2.76100106399e-09	1.50066512106e-07
2.77487490491e-09	1.40427943052e-07
2.78874874582e-09	1.44668206303e-07
2.80262258674e-09	1.56098664661e-07
2.81649642765e-09	1.63736231684e-07
2.83037026857e-09	1.59834655733e-07
2.84424410948e-09	1.44213558428e-07
2.8581179504e-09	1.23945156361e-07
2.87199179131e-09	1.08382486985e-07
2.88586563223e-09	1.03251274197e-07
2.89973947315e-09	1.07049501707e-07
2.91361331406e-09	1.12048425649e-07
2.92748715498e-09	1.09492489742e-07
2.94136099589e-09	9.51072252064e-08
2.95523483681e-09	7.27065696537e-08
2.96910867772e-09	5.22207059817e-08
2.98298251864e-09	4.48325039315e-08
2.99685635955e-09	5.61816726474e-08
3.01073020047e-09	8.31470075013e-08
3.02460404138e-09	1.14739869161e-07
3.0384778823e-09	1.37495987929e-07
3.05235172321e-09	1.42217686516e-07
3.06622556413e-09	1.27947387796e-07
3.08009940504e-09	1.02064142027e-07
3.09397324596e-09	7.55209796921e-08
3.10784708687e-09	5.70825271495e-08
3.12172092779e-09	4.89835265682e-08
3.13559476871e-09	4.69480063714e-08
3.14946860962e-09	4.37345448745e-08
3.16334245054e-09	3.44017294651e-08
3.17721629145e-09	1.96487359716e-08
3.19109013237e-09	5.81230441554e-09
3.20496397328e-09	8.79550210442e-10
3.2188378142e-09	9.50842249381e-09
3.23271165511e-09	3.00332452241e-08
3.24658549603e-09	5.43784999252e-08
3.26045933694e-09	7.23591426777e-08
3.27433317786e-09	7.62982281799e-08
3.28820701877e-09	6.50663807278e-08
3.30208085969e-09	4.40612737407e-08
3.3159547006e-09	2.21331504235e-08
3.32982854152e-09	6.9250409851e-09
3.34370238243e-09	1.12345110992e-09
3.35757622335e-09	1.86116499989e-09
3.37145006426e-09	2.84840329101e-09
3.38532390518e-09	-1.33495614563e-09
3.3991977461e-09	-1.2375036107e-08
3.41307158701e-09	-2.70078928111e-08
3.42694542793e-09	-3.91816961098e-08
3.44081926884e-09	-4.34122888748e-08
3.45469310976e-09	-3.78122919642e-08
3.46856695067e-09	-2.507112562e-08
3.48244079159e-09	-1.10177476031e-08
3.4963146325e-09	-1.53016532778e-09
3.51018847342e-09	1.80002235339e-10
3.52406231433e-09	-5.29118526771e-09
3.53793615525e-09	-1.45347476277e-08
3.55180999616e-09	-2.3811221439e-08
3.56568383708e-09	-3.11029708655e-08
3.57955767799e-09	-3.7219457738e-08
3.59343151891e-09	-4.44639951525e-08
3.60730535982e-09	-5.48913092757e-08
3.62117920074e-09	-6.81487648535e-08
3.63505304166e-09	-8.14299312424e-08
3.64892688257e-09	-9.06313672999e-08
3.66280072349e-09	-9.26621055442e-08
3.6766745644e-09	-8.7359339318e-08
3.69054840532e-09	-7.7653083963e-08
3.70442224623e-09	-6.82837821842e-08
3.71829608715e-09	-6.33271213246e-08
3.73216992806e-09	-6.42526742922e-08
3.74604376898e-09	-6.95302446729e-08
3.75991760989e-09	-7.57619460501e-08
3.77379145081e-09	-7.9957722221e-08
3.78766529172e-09	-8.12427884966e-08
3.80153913264e-09	-8.15117005004e-08
3.81541297355e-09	-8.40393994395e-08
3.82928681447e-09	-9.15730709039e-08
3.84316065538e-09	-1.04524119138e-07
3.8570344963e-09	-1.20407420923e-07
3.87090833721e-09	-1.35042327543e-07
3.88478217813e-09	-1.44453025541e-07
3.89865601905e-09	-1.46804254086e-07
3.91252985996e-09	-1.4305739171e-07
3.92640370088e-09	-1.36399535222e-07
3.94027754179e-09	-1.30373479124e-07
3.95415138271e-09	-1.27226826407e-07
3.96802522362e-09	-1.27080909351e-07
3.98189906454e-09	-1.28361847374e-07
3.99577290545e-09	-1.29114027914e-07
4.00964674637e-09	-1.28609755734e-07
4.02352058728e-09	-1.27838660546e-07
4.0373944282e-09	-1.29205517396e-07
4.05126826911e-09	-1.35011944735e-07
4.06514211003e-09	-1.46244104826e-07
4.07901595094e-09	-1.61573197488e-07
4.09288979186e-09	-1.779427663e-07
4.10676363277e-09	-1.91822266515e-07
4.12063747369e-09	-2.00576110387e-07
4.1345113146e-09	-2.0351221508e-07
4.14838515552e-09	-2.01785098852e-07
4.16225899644e-09	-1.97494372856e-07
4.17613283735e-09	-1.92595280168e-07
4.19000667827e-09	-1.88112508681e-07
4.20388051918e-09	-1.84031989647e-07
4.2177543601e-09	-1.8010720737e-07
4.23162820101e-09	-1.76555644771e-07
4.24550204193e-09	-1.74481840531e-07
4.25937588284e-09	-1.7556786247e-07
4.27324972376e-09	-1.81227704843e-07
4.28712356467e-09	-1.91779477632e-07
4.30099740559e-09	-2.06021027793e-07
4.3148712465e-09	-2.21529859346e-07
4.32874508742e-09	-2.35632285239e-07
4.34261892833e-09	-2.46408234261e-07
4.35649276925e-09	-2.53232769865e-07
4.37036661016e-09	-2.56619955508e-07
4.38424045108e-09	-2.57559435113e-07
4.398114292e-09	-2.56872624504e-07
4.41198813291e-09	-2.54620289297e-07
4.42586197383e-09	-2.50484561093e-07
4.43973581474e-09	-2.44267596372e-07
4.45360965566e-09	-2.36579822399e-07
4.46748349657e-09	-2.29159354603e-07
4.48135733749e-09	-2.24348298161e-07
4.4952311784e-09	-2.24486598199e-07
4.50910501932e-09	-2.30702738691e-07
4.52297886023e-09	-2.42620529889e-07
4.53685270115e-09	-2.58302236489e-07
4.55072654206e-09	-2.7510941436e-07
4.56460038298e-09	-2.90483711751e-07
4.57847422389e-09	-3.02754074255e-07
4.59234806481e-09	-3.11374435569e-07
4.60622190572e-09	-3.16545197165e-07
4.62009574664e-09	-3.18694588941e-07
4.63396958755e-09	-3.18077212569e-07
4.64784342847e-09	-3.14665584256e-07
4.66171726939e-09	-3.08472294819e-07
4.6755911103e-09	-3.00085417848e-07
4.68946495122e-09	-2.90802830705e-07
4.70333879213e-09	-2.82670328033e-07
4.71721263305e-09	-2.77855662034e-07
4.73108647396e-09	-2.78044410607e-07
4.74496031488e-09	-2.8378357797e-07
4.75883415579e-09	-2.94492537023e-07
4.77270799671e-09	-3.08686054495e-07
4.78658183762e-09	-3.24535278651e-07
4.80045567854e-09	-3.40368330853e-07
4.81432951945e-09	-3.5489992456e-07
4.82820336037e-09	-3.67205444718e-07
4.84207720128e-09	-3.764008909e-07
4.8559510422e-09	-3.81734935218e-07
4.86982488311e-09	-3.82449059089e-07
4.88369872403e-09	-3.78308186555e-07
4.89757256495e-09	-3.69825698954e-07
4.91144640586e-09	-3.58506355269e-07
4.92532024678e-09	-3.46566281451e-07
4.93919408769e-09	-3.3649797615e-07
4.95306792861e-09	-3.30432186502e-07
4.96694176952e-09	-3.29641920871e-07
4.98081561044e-09	-3.34412561642e-07
4.99468945135e-09	-3.44046327427e-07
5.00856329227e-09	-3.57488204372e-07
5.02243713318e-09	-3.73396972009e-07
5.0363109741e-09	-3.90508347436e-07
5.05018481501e-09	-4.07561145721e-07
5.06405865593e-09	-4.23148662776e-07
5.07793249684e-09	-4.35737405269e-07
5.09180633776e-09	-4.4378145958e-07
5.10568017867e-09	-4.46103598506e-07
5.11955401959e-09	-4.42289632474e-07
5.1334278605e-09	-4.32999911482e-07
5.14730170142e-09	-4.19981148525e-07
5.16117554234e-09	-4.05742042631e-07
5.17504938325e-09	-3.92896822632e-07
5.18892322417e-09	-3.83806025184e-07
5.20279706508e-09	-3.80039551828e-07
5.216670906e-09	-3.82273469768e-07
5.23054474691e-09	-3.90400771266e-07
5.24441858783e-09	-4.03688858341e-07
5.25829242874e-09	-4.2100458586e-07
5.27216626966e-09	-4.40793655798e-07
5.28604011057e-09	-4.61235288185e-07
5.29991395149e-09	-4.80218602661e-07
5.3137877924e-09	-4.95585481985e-07
5.32766163332e-09	-5.05508239712e-07
5.34153547423e-09	-5.08826872192e-07
5.35540931515e-09	-5.05349703417e-07
5.36928315606e-09	-4.95926713029e-07
5.38315699698e-09	-4.82330108298e-07
5.39703083789e-09	-4.66834734425e-07
5.41090467881e-09	-4.5189764819e-07
5.42477851973e-09	-4.39770900584e-07
5.43865236064e-09	-4.32294712027e-07
5.45252620156e-09	-4.30810331409e-07
5.46640004247e-09	-4.36003489312e-07
5.48027388339e-09	-4.47915056156e-07
5.4941477243e-09	-4.65781795356e-07
5.50802156522e-09	-4.87963063733e-07
5.52189540613e-09	-5.12128110586e-07
5.53576924705e-09	-5.35379058419e-07
5.54964308796e-09	-5.54818143428e-07
5.56351692888e-09	-5.68021675917e-07
5.57739076979e-09	-5.73507293211e-07
5.59126461071e-09	-5.70959400648e-07
5.60513845162e-09	-5.61334502436e-07
5.61901229254e-09	-5.46458863937e-07
5.63288613345e-09	-5.28727525761e-07
5.64675997437e-09	-5.10813322308e-07
5.66063381529e-09	-4.95242204579e-07
5.6745076562e-09	-4.84226291064e-07
5.68838149712e-09	-4.79535287923e-07
5.70225533803e-09	-4.82331529383e-07
5.71612917895e-09	-4.92934759677e-07
5.73000301986e-09	-5.10760855832e-07
5.74387686078e-09	-5.34172443167e-07
5.75775070169e-09	-5.60701721497e-07
5.77162454261e-09	-5.87255044593e-07
5.78549838352e-09	-6.10658958067e-07
5.79937222444e-09	-6.28054692697e-07
5.81324606535e-09	-6.37457503672e-07
5.82711990627e-09	-6.37954201466e-07
5.84099374718e-09	-6.29867486168e-07
5.8548675881e-09	-6.14609177774e-07
5.86874142901e-09	-5.94559026013e-07
5.88261526993e-09	-5.72644637487e-07
5.89648911084e-09	-5.52114329366e-07
5.91036295176e-09	-5.36000356988e-07
5.92423679268e-09	-5.269720873e-07
5.93811063359e-09	-5.26774044829e-07
5.95198447451e-09	-5.36000186457e-07
5.96585831542e-09	-5.54082532744e-07
5.97973215634e-09	-5.79097559239e-07
5.99360599725e-09	-6.08299046689e-07
6.00747983817e-09	-6.38239612272e-07
6.02135367908e-09	-6.65547190692e-07
6.03522752e-09	-6.87091983309e-07
6.04910136091e-09	-7.00529426467e-07
6.06297520183e-09	-7.04520573436e-07
6.07684904274e-09	-6.98765234119e-07
6.09072288366e-09	-6.84226449721e-07
6.10459672457e-09	-6.62899367398e-07
6.11847056549e-09	-6.37787422875e-07
6.1323444064e-09	-6.12413032286e-07
6.14621824732e-09	-5.90673437273e-07
6.16009208823e-09	-5.75984302031e-07
6.17396592915e-09	-5.7099236983e-07
6.18783977007e-09	-5.77030846216e-07
6.20171361098e-09	-5.93973936702e-07
6.2155874519e-09	-6.20019477537e-07
6.22946129281e-09	-6.52191715744e-07
6.24333513373e-09	-6.86661849159e-07
6.25720897464e-09	-7.19345337075e-07
6.27108281556e-09	-7.46472039737e-07
6.28495665647e-09	-7.64891069593e-07
6.29883049739e-09	-7.72693567797e-07
6.3127043383e-09	-7.69178711835e-07
6.32657817922e-09	-7.55031635435e-07
6.34045202013e-09	-7.32342186893e-07
6.35432586105e-09	-7.04165927345e-07
6.36819970196e-09	-6.74490706842e-07
6.38207354288e-09	-6.4751679929e-07
6.39594738379e-09	-6.27243991858e-07
