% time-domain current integration by openEMS v0.0.36-145-g8ee535b @Thu Apr  2 14:33:43 2026
% start-coordinates: (-0.000762712,0.00869492,0) m -> [28,59,1]
% stop-coordinates: (0.000457627,0.009,0) m -> [32,60,1]
% t/s	current
1.06721853194e-13	0
1.39805627685e-11	0
2.78544036837e-11	0
4.1728244599e-11	1.62309230903e-17
5.56020855143e-11	1.96961002195e-12
6.94759264296e-11	4.52510501292e-10
8.33497673448e-11	-7.51018247591e-10
9.72236082601e-11	-5.59881307982e-10
1.11097449175e-10	-1.03635477977e-09
1.24971290091e-10	-2.56962984224e-09
1.38845131006e-10	-2.4796502629e-09
1.52718971921e-10	-3.65941410507e-09
1.66592812836e-10	-1.94884997029e-09
1.80466653752e-10	2.56223842143e-09
1.94340494667e-10	1.12381304262e-08
2.08214335582e-10	2.23803979793e-08
2.22088176498e-10	3.14732346851e-08
2.35962017413e-10	3.29125953158e-08
2.49835858328e-10	1.75769514499e-08
2.63709699243e-10	-1.887414669e-08
2.77583540159e-10	-7.23049140561e-08
2.91457381074e-10	-1.29183604258e-07
3.05331221989e-10	-1.63358663485e-07
3.19205062905e-10	-1.45630792758e-07
3.3307890382e-10	-6.05677996646e-08
3.46952744735e-10	8.51567847349e-08
3.6082658565e-10	2.53207218748e-07
3.74700426566e-10	3.78667209588e-07
3.88574267481e-10	3.96405312131e-07
4.02448108396e-10	2.68386884272e-07
4.16321949311e-10	1.02768353827e-08
4.30195790227e-10	-3.05760295305e-07
4.44069631142e-10	-5.70234988118e-07
4.57943472057e-10	-6.78719516145e-07
4.71817312973e-10	-5.71847976971e-07
4.85691153888e-10	-2.60549768427e-07
4.99564994803e-10	1.76913090399e-07
5.13438835718e-10	6.26099335932e-07
5.27312676634e-10	9.71912413661e-07
5.41186517549e-10	1.13113560474e-06
5.55060358464e-10	1.0617964108e-06
5.68934199379e-10	7.59884073886e-07
5.82808040295e-10	2.49396634899e-07
5.9668188121e-10	-4.12556801166e-07
6.10555722125e-10	-1.12566976895e-06
6.24429563041e-10	-1.74366618921e-06
6.38303403956e-10	-2.08813662539e-06
6.52177244871e-10	-1.99836676984e-06
6.66051085786e-10	-1.39963776746e-06
6.79924926702e-10	-3.61721504305e-07
6.93798767617e-10	8.83787834027e-07
7.07672608532e-10	1.9947938199e-06
7.21546449447e-10	2.62662069872e-06
7.35420290363e-10	2.55938061855e-06
7.49294131278e-10	1.79286826096e-06
7.63167972193e-10	5.61762135476e-07
7.77041813109e-10	-7.41471012589e-07
7.90915654024e-10	-1.71067404153e-06
8.04789494939e-10	-2.07529046747e-06
8.18663335854e-10	-1.792819603e-06
8.3253717677e-10	-1.04654100141e-06
8.46411017685e-10	-1.508162768e-07
8.602848586e-10	5.84283043281e-07
8.74158699515e-10	9.72731868387e-07
8.88032540431e-10	9.98103132588e-07
9.01906381346e-10	7.78605681262e-07
9.15780222261e-10	4.77317371406e-07
9.29654063177e-10	2.11110091186e-07
9.43527904092e-10	7.17602688383e-09
9.57401745007e-10	-1.78795289685e-07
9.71275585922e-10	-4.00053977501e-07
9.85149426838e-10	-6.54208633932e-07
9.99023267753e-10	-8.61669832375e-07
1.01289710867e-09	-9.00029590412e-07
1.02677094958e-09	-6.7717201091e-07
1.0406447905e-09	-1.97808731173e-07
1.05451863141e-09	4.13239007457e-07
1.06839247233e-09	9.50143885348e-07
1.08226631324e-09	1.21362677419e-06
1.09614015416e-09	1.09964457806e-06
1.11001399508e-09	6.4928917709e-07
1.12388783599e-09	3.15644683724e-08
1.13776167691e-09	-5.29771909896e-07
1.15163551782e-09	-8.48743411552e-07
1.16550935874e-09	-8.49989703511e-07
1.17938319965e-09	-5.85953898735e-07
1.19325704057e-09	-1.99912818744e-07
1.20713088148e-09	1.44472593888e-07
1.2210047224e-09	3.32525303293e-07
1.23487856331e-09	3.35724053002e-07
1.24875240423e-09	2.06183813134e-07
1.26262624514e-09	3.88868102164e-08
1.27650008606e-09	-7.87133558333e-08
1.29037392697e-09	-1.01905925476e-07
1.30424776789e-09	-3.99367081627e-08
1.3181216088e-09	6.03599801252e-08
1.33199544972e-09	1.42556871197e-07
1.34586929063e-09	1.67568600773e-07
1.35974313155e-09	1.26021518554e-07
1.37361697247e-09	3.40990027325e-08
1.38749081338e-09	-7.89075329521e-08
1.4013646543e-09	-1.84704845196e-07
1.41523849521e-09	-2.61373202193e-07
1.42911233613e-09	-2.9291646797e-07
1.44298617704e-09	-2.67564388423e-07
1.45686001796e-09	-1.7924179474e-07
1.47073385887e-09	-3.48664457306e-08
1.48460769979e-09	1.40363681567e-07
1.4984815407e-09	3.02282728626e-07
1.51235538162e-09	3.99948135055e-07
1.52622922253e-09	3.96655678969e-07
1.54010306345e-09	2.87637703877e-07
1.55397690436e-09	1.05622575575e-07
1.56785074528e-09	-9.10386006581e-08
1.58172458619e-09	-2.41815314439e-07
1.59559842711e-09	-3.08853941533e-07
1.60947226803e-09	-2.89772515316e-07
1.62334610894e-09	-2.1208330736e-07
1.63721994986e-09	-1.16219212032e-07
1.65109379077e-09	-3.37142864737e-08
1.66496763169e-09	2.43853719439e-08
1.6788414726e-09	6.51541540719e-08
1.69271531352e-09	1.01709701994e-07
1.70658915443e-09	1.38548102768e-07
1.72046299535e-09	1.65168273725e-07
1.73433683626e-09	1.6134578118e-07
1.74821067718e-09	1.10886048788e-07
1.76208451809e-09	1.53106611833e-08
1.77595835901e-09	-1.00326587926e-07
1.78983219992e-09	-1.95486109078e-07
1.80370604084e-09	-2.31167859965e-07
1.81757988175e-09	-1.88618287211e-07
1.83145372267e-09	-7.93367291863e-08
1.84532756358e-09	5.72076146454e-08
1.8592014045e-09	1.70802877619e-07
1.87307524542e-09	2.21333152695e-07
1.88694908633e-09	1.94709969037e-07
1.90082292725e-09	1.0771327652e-07
1.91469676816e-09	-1.68392944033e-09
1.92857060908e-09	-9.27752239477e-08
1.94244444999e-09	-1.38938702321e-07
1.95631829091e-09	-1.36038323717e-07
1.97019213182e-09	-9.98165319288e-08
1.98406597274e-09	-5.32857598046e-08
1.99793981365e-09	-1.4837269191e-08
2.01181365457e-09	9.56168833e-09
2.02568749548e-09	2.49267486652e-08
2.0395613364e-09	3.93381469621e-08
2.05343517731e-09	5.60135902106e-08
2.06730901823e-09	6.97228870195e-08
2.08118285914e-09	7.06289995378e-08
2.09505670006e-09	5.14677935826e-08
2.10893054097e-09	1.46372656218e-08
2.12280438189e-09	-2.73500404546e-08
2.13667822281e-09	-5.7864184555e-08
2.15055206372e-09	-6.50243237033e-08
2.16442590464e-09	-4.84980944293e-08
2.17829974555e-09	-2.00795682304e-08
2.19217358647e-09	3.25664473166e-09
2.20604742738e-09	8.99595420378e-09
2.2199212683e-09	-3.77948028429e-09
2.23379510921e-09	-2.39349446929e-08
2.24766895013e-09	-3.48590845078e-08
2.26154279104e-09	-2.41824125169e-08
2.27541663196e-09	8.77241745911e-09
2.28929047287e-09	5.19597733728e-08
2.30316431379e-09	8.61829221321e-08
2.3170381547e-09	9.50371799036e-08
2.33091199562e-09	7.25695201709e-08
2.34478583653e-09	2.62510795324e-08
2.35865967745e-09	-2.69059370339e-08
2.37253351837e-09	-6.81877736497e-08
2.38640735928e-09	-8.55118855725e-08
2.4002812002e-09	-7.7821326272e-08
2.41415504111e-09	-5.3709541703e-08
2.42802888203e-09	-2.60135948338e-08
2.44190272294e-09	-4.7208743581e-09
2.45577656386e-09	7.1244130595e-09
2.46965040477e-09	1.33528885726e-08
2.48352424569e-09	2.05622825433e-08
2.4973980866e-09	3.278081806e-08
2.51127192752e-09	4.77948987054e-08
2.52514576843e-09	5.82031418617e-08
2.53901960935e-09	5.565212291e-08
2.55289345026e-09	3.63908156942e-08
2.56676729118e-09	4.36739355791e-09
2.58064113209e-09	-2.97999918075e-08
2.59451497301e-09	-5.37778248599e-08
2.60838881392e-09	-5.93691140693e-08
2.62226265484e-09	-4.63341294221e-08
2.63613649576e-09	-2.20589697619e-08
2.65001033667e-09	2.5322322017e-09
2.66388417759e-09	1.84815007742e-08
2.6777580185e-09	2.23926122089e-08
2.69163185942e-09	1.70255134435e-08
2.70550570033e-09	8.64650928634e-09
2.71937954125e-09	2.88935098069e-09
2.73325338216e-09	2.1919923654e-09
2.74712722308e-09	5.07712627495e-09
2.76100106399e-09	8.23499135549e-09
2.77487490491e-09	9.02292640603e-09
2.78874874582e-09	7.01896851751e-09
2.80262258674e-09	4.13285761169e-09
2.81649642765e-09	2.69702127298e-09
2.83037026857e-09	3.62302898793e-09
2.84424410948e-09	5.51525047854e-09
2.8581179504e-09	5.53728440877e-09
2.87199179131e-09	1.25032073583e-09
2.88586563223e-09	-7.44088879401e-09
2.89973947315e-09	-1.77439005711e-08
2.91361331406e-09	-2.49629437121e-08
2.92748715498e-09	-2.50394833756e-08
2.94136099589e-09	-1.65786389061e-08
2.95523483681e-09	-2.10511075238e-09
2.96910867772e-09	1.33062485475e-08
2.98298251864e-09	2.4225244033e-08
2.99685635955e-09	2.75670526406e-08
3.01073020047e-09	2.38930084606e-08
3.02460404138e-09	1.67863589695e-08
3.0384778823e-09	1.06621769191e-08
3.05235172321e-09	8.05962940831e-09
3.06622556413e-09	8.51085246723e-09
3.08009940504e-09	8.67230198764e-09
3.09397324596e-09	4.95899143971e-09
3.10784708687e-09	-4.31376001586e-09
3.12172092779e-09	-1.72962302258e-08
3.13559476871e-09	-2.92389898959e-08
3.14946860962e-09	-3.47264546008e-08
3.16334245054e-09	-3.05394252109e-08
3.17721629145e-09	-1.74160845745e-08
3.19109013237e-09	2.442703817e-10
3.20496397328e-09	1.6482701426e-08
3.2188378142e-09	2.65683013367e-08
3.23271165511e-09	2.9011758329e-08
3.24658549603e-09	2.59350443343e-08
3.26045933694e-09	2.11740989187e-08
3.27433317786e-09	1.79810513146e-08
3.28820701877e-09	1.70969798319e-08
3.30208085969e-09	1.66175198046e-08
3.3159547006e-09	1.33197488594e-08
3.32982854152e-09	4.82896211906e-09
3.34370238243e-09	-8.62323190631e-09
3.35757622335e-09	-2.38987851731e-08
3.37145006426e-09	-3.61153524864e-08
3.38532390518e-09	-4.08498621596e-08
3.3991977461e-09	-3.59959386742e-08
3.41307158701e-09	-2.26110330459e-08
3.42694542793e-09	-4.33334435002e-09
3.44081926884e-09	1.413428663e-08
3.45469310976e-09	2.87748207484e-08
3.46856695067e-09	3.74074460296e-08
3.48244079159e-09	3.98310326943e-08
3.4963146325e-09	3.71201949179e-08
3.51018847342e-09	3.0728486422e-08
3.52406231433e-09	2.18190763235e-08
3.53793615525e-09	1.11083835463e-08
3.55180999616e-09	-6.70411282044e-10
3.56568383708e-09	-1.24020971271e-08
3.57955767799e-09	-2.24334257837e-08
3.59343151891e-09	-2.89595476488e-08
3.60730535982e-09	-3.07642977759e-08
3.62117920074e-09	-2.77537246518e-08
3.63505304166e-09	-2.0966282932e-08
3.64892688257e-09	-1.20969332329e-08
3.66280072349e-09	-2.72055444839e-09
3.6766745644e-09	6.37032826489e-09
3.69054840532e-09	1.51499932599e-08
3.70442224623e-09	2.3773836233e-08
3.71829608715e-09	3.18516697462e-08
3.73216992806e-09	3.7939564379e-08
3.74604376898e-09	3.98694766091e-08
3.75991760989e-09	3.57205607315e-08
3.77379145081e-09	2.49157352528e-08
3.78766529172e-09	8.92390517038e-09
3.80153913264e-09	-8.94122820227e-09
3.81541297355e-09	-2.45928077902e-08
3.82928681447e-09	-3.46302897469e-08
3.84316065538e-09	-3.74447353124e-08
3.8570344963e-09	-3.35955512298e-08
3.87090833721e-09	-2.52296885606e-08
3.88478217813e-09	-1.49722865217e-08
3.89865601905e-09	-4.75864680993e-09
3.91252985996e-09	4.66229721496e-09
3.92640370088e-09	1.35422055791e-08
3.94027754179e-09	2.23340634875e-08
3.95415138271e-09	3.09373291429e-08
3.96802522362e-09	3.81442788466e-08
3.98189906454e-09	4.19984189648e-08
3.99577290545e-09	4.05107698498e-08
4.00964674637e-09	3.27000009293e-08
4.02352058728e-09	1.90918569842e-08
4.0373944282e-09	1.82106418833e-09
4.05126826911e-09	-1.5877134274e-08
4.06514211003e-09	-3.07335596972e-08
4.07901595094e-09	-4.02357684948e-08
4.09288979186e-09	-4.31272511037e-08
4.10676363277e-09	-3.94214225707e-08
4.12063747369e-09	-3.01483424892e-08
4.1345113146e-09	-1.68604401551e-08
4.14838515552e-09	-1.31166189021e-09
4.16225899644e-09	1.4636952983e-08
4.17613283735e-09	2.9132166901e-08
4.19000667827e-09	4.04128570608e-08
4.20388051918e-09	4.69876724196e-08
4.2177543601e-09	4.79454662639e-08
4.23162820101e-09	4.32779927451e-08
4.24550204193e-09	3.37123537975e-08
4.25937588284e-09	2.06501624689e-08
4.27324972376e-09	5.69934854866e-09
4.28712356467e-09	-9.56865164881e-09
4.30099740559e-09	-2.37701271999e-08
4.3148712465e-09	-3.56295686288e-08
4.32874508742e-09	-4.37782858853e-08
4.34261892833e-09	-4.67932466108e-08
4.35649276925e-09	-4.3385099957e-08
4.37036661016e-09	-3.29832801071e-08
4.38424045108e-09	-1.61620334893e-08
4.398114292e-09	4.95171548209e-09
4.41198813291e-09	2.70186717444e-08
4.42586197383e-09	4.61074449731e-08
4.43973581474e-09	5.87340807101e-08
4.45360965566e-09	6.26886702548e-08
4.46748349657e-09	5.7628938066e-08
4.48135733749e-09	4.49640253919e-08
4.4952311784e-09	2.72858642347e-08
4.50910501932e-09	7.55795781515e-09
4.52297886023e-09	-1.15627756259e-08
4.53685270115e-09	-2.80570588984e-08
4.55072654206e-09	-4.06302262945e-08
4.56460038298e-09	-4.84257896005e-08
4.57847422389e-09	-5.07821553697e-08
4.59234806481e-09	-4.71885073239e-08
4.60622190572e-09	-3.74463127173e-08
4.62009574664e-09	-2.19791900236e-08
4.63396958755e-09	-2.1660468974e-09
4.64784342847e-09	1.97066469809e-08
4.66171726939e-09	4.05478601806e-08
4.6755911103e-09	5.72101868102e-08
4.68946495122e-09	6.69425830324e-08
4.70333879213e-09	6.8025372002e-08
4.71721263305e-09	6.01012999368e-08
4.73108647396e-09	4.41636416326e-08
4.74496031488e-09	2.24008545047e-08
4.75883415579e-09	-2.18545892494e-09
4.77270799671e-09	-2.61874788521e-08
4.78658183762e-09	-4.62938487544e-08
4.80045567854e-09	-5.96991611701e-08
4.81432951945e-09	-6.45594084858e-08
4.82820336037e-09	-6.02639147473e-08
4.84207720128e-09	-4.75143764334e-08
4.8559510422e-09	-2.82106213945e-08
4.86982488311e-09	-5.07282038598e-09
4.88369872403e-09	1.88892670394e-08
4.89757256495e-09	4.07648030887e-08
4.91144640586e-09	5.81212873385e-08
4.92532024678e-09	6.91829882271e-08
4.93919408769e-09	7.27099873643e-08
4.95306792861e-09	6.81671110669e-08
4.96694176952e-09	5.56342456548e-08
4.98081561044e-09	3.60108742825e-08
4.99468945135e-09	1.11908207145e-08
5.00856329227e-09	-1.59623141371e-08
5.02243713318e-09	-4.18325498686e-08
5.0363109741e-09	-6.25093861117e-08
5.05018481501e-09	-7.46142632124e-08
5.06405865593e-09	-7.58666658385e-08
5.07793249684e-09	-6.57302905438e-08
5.09180633776e-09	-4.55900419638e-08
5.10568017867e-09	-1.84172108675e-08
5.11955401959e-09	1.16975229503e-08
5.1334278605e-09	4.05047728691e-08
5.14730170142e-09	6.41374526822e-08
5.16117554234e-09	7.96993049335e-08
5.17504938325e-09	8.55004174127e-08
5.18892322417e-09	8.1160493437e-08
5.20279706508e-09	6.73627766901e-08
5.216670906e-09	4.57622206795e-08
5.23054474691e-09	1.87892510439e-08
5.24441858783e-09	-1.05017079477e-08
5.25829242874e-09	-3.86984879697e-08
5.27216626966e-09	-6.23212486062e-08
5.28604011057e-09	-7.82507214581e-08
5.29991395149e-09	-8.41169764954e-08
5.3137877924e-09	-7.8738821685e-08
5.32766163332e-09	-6.22631546321e-08
5.34153547423e-09	-3.64461243407e-08
5.35540931515e-09	-4.36841673945e-09
5.36928315606e-09	2.98329609905e-08
5.38315699698e-09	6.15266912973e-08
5.39703083789e-09	8.61512887695e-08
5.41090467881e-09	1.00089124544e-07
5.42477851973e-09	1.01085888105e-07
5.43865236064e-09	8.88126976406e-08
5.45252620156e-09	6.4877923478e-08
5.46640004247e-09	3.25718474414e-08
5.48027388339e-09	-3.58778606824e-09
5.4941477243e-09	-3.86563101529e-08
5.50802156522e-09	-6.80252014718e-08
5.52189540613e-09	-8.80242225776e-08
5.53576924705e-09	-9.63518829167e-08
5.54964308796e-09	-9.21387339758e-08
5.56351692888e-09	-7.60149418966e-08
5.57739076979e-09	-4.98662302562e-08
5.59126461071e-09	-1.66184577211e-08
5.60513845162e-09	1.99617034013e-08
5.61901229254e-09	5.55979227101e-08
5.63288613345e-09	8.58903490553e-08
5.64675997437e-09	1.06629002516e-07
5.66063381529e-09	1.14657865424e-07
5.6745076562e-09	1.08181922087e-07
5.68838149712e-09	8.74553620633e-08
5.70225533803e-09	5.47505010218e-08
5.71612917895e-09	1.42795215652e-08
5.73000301986e-09	-2.84244947579e-08
5.74387686078e-09	-6.74141915624e-08
5.75775070169e-09	-9.71340057276e-08
5.77162454261e-09	-1.13438510141e-07
5.78549838352e-09	-1.14085466407e-07
5.79937222444e-09	-9.90237936094e-08
5.81324606535e-09	-7.04013132236e-08
5.82711990627e-09	-3.1985393889e-08
5.84099374718e-09	1.11657527668e-08
5.8548675881e-09	5.36128368367e-08
5.86874142901e-09	9.00022882888e-08
5.88261526993e-09	1.15907795362e-07
5.89648911084e-09	1.27974686848e-07
5.91036295176e-09	1.24681321267e-07
5.92423679268e-09	1.06056006643e-07
5.93811063359e-09	7.41268308957e-08
5.95198447451e-09	3.24997699863e-08
5.96585831542e-09	-1.38600739774e-08
5.97973215634e-09	-5.91647904002e-08
5.99360599725e-09	-9.75100533651e-08
6.00747983817e-09	-1.23495283333e-07
6.02135367908e-09	-1.33183846174e-07
6.03522752e-09	-1.247497039e-07
6.04910136091e-09	-9.86997292785e-08
6.06297520183e-09	-5.81524091103e-08
6.07684904274e-09	-8.44158876134e-09
6.09072288366e-09	4.37922835772e-08
6.10459672457e-09	9.13186113394e-08
6.11847056549e-09	1.27600571886e-07
6.1323444064e-09	1.47722630572e-07
6.14621824732e-09	1.49078175582e-07
6.16009208823e-09	1.31529532155e-07
6.17396592915e-09	9.7459690096e-08
6.18783977007e-09	5.13047666573e-08
6.20171361098e-09	-1.15892362373e-09
6.2155874519e-09	-5.33882484888e-08
6.22946129281e-09	-9.90264084066e-08
6.24333513373e-09	-1.32274209363e-07
6.25720897464e-09	-1.48873454009e-07
6.27108281556e-09	-1.46283781532e-07
6.28495665647e-09	-1.24275004509e-07
6.29883049739e-09	-8.50321839607e-08
6.3127043383e-09	-3.30510374624e-08
6.32657817922e-09	2.52700829151e-08
6.34045202013e-09	8.23388290883e-08
6.35432586105e-09	1.305004389e-07
6.36819970196e-09	1.62825614325e-07
6.38207354288e-09	1.74608132397e-07
6.39594738379e-09	1.63738093306e-07
