% time-domain voltage integration by openEMS v0.0.36-145-g8ee535b @Thu Apr  2 14:33:43 2026
% start-coordinates: (-0.009,-0.000152542,0) m -> [1,30,1]
% stop-coordinates: (-0.009,-0.000152542,0.000508) m -> [1,30,2]
% t/s	voltage
0	-0
1.38738409153e-11	-3.79070712597e-07
2.77476818305e-11	-3.43594422247e-07
4.16215227458e-11	1.641701175e-07
5.54953636611e-11	1.47955211105e-06
6.93692045764e-11	3.76729258278e-06
8.32430454916e-11	6.94382652e-06
9.71168864069e-11	9.67944379227e-06
1.10990727322e-10	9.58447708399e-06
1.24864568237e-10	2.98703753288e-06
1.38738409153e-10	-1.39485528052e-05
1.52612250068e-10	-4.22302036895e-05
1.66486090983e-10	-7.76494707679e-05
1.80359931899e-10	-0.000107681422378
1.94233772814e-10	-0.000111708031909
2.08107613729e-10	-6.56357660773e-05
2.21981454644e-10	4.70654667879e-05
2.3585529556e-10	0.000222864226089
2.49729136475e-10	0.000426309765317
2.6360297739e-10	0.00058926793281
2.77476818305e-10	0.000625461514574
2.91350659221e-10	0.000460170442238
3.05224500136e-10	6.78930082358e-05
3.19098341051e-10	-0.000498702982441
3.32972181967e-10	-0.00110472284723
3.46846022882e-10	-0.00156392867211
3.60719863797e-10	-0.00169790734071
3.74593704712e-10	-0.00140495109372
3.88467545628e-10	-0.000708680599928
4.02341386543e-10	0.000236069026869
4.16215227458e-10	0.00118828122504
4.30089068374e-10	0.00189949362539
4.43962909289e-10	0.00219564069994
4.57836750204e-10	0.00202934839763
4.71710591119e-10	0.00148209999315
4.85584432035e-10	0.000721115793567
4.9945827295e-10	-6.59015786368e-05
5.13332113865e-10	-0.000728899089154
5.2720595478e-10	-0.00118384463713
5.41079795696e-10	-0.0014087863965
5.54953636611e-10	-0.00142003176734
5.68827477526e-10	-0.00124858226627
5.82701318442e-10	-0.000930773909204
5.96575159357e-10	-0.000513212289661
6.10449000272e-10	-6.1631842982e-05
6.24322841187e-10	0.000341153063346
6.38196682103e-10	0.000614361895714
6.52070523018e-10	0.000708801962901
6.65944363933e-10	0.000630963768344
6.79818204848e-10	0.000445918791229
6.93692045764e-10	0.000252208439633
7.07565886679e-10	0.000138755538501
7.21439727594e-10	0.000143540295539
7.3531356851e-10	0.000235520972637
7.49187409425e-10	0.000330387905706
7.6306125034e-10	0.000333263218636
7.76935091255e-10	0.000188323290786
7.90808932171e-10	-8.95883349585e-05
8.04682773086e-10	-0.000417171337176
8.18556614001e-10	-0.000677686824929
8.32430454916e-10	-0.000772349594627
8.46304295832e-10	-0.000662815466058
8.60178136747e-10	-0.000385452556657
8.74051977662e-10	-3.258522338e-05
8.87925818578e-10	0.000289212592179
9.01799659493e-10	0.000501001719385
9.15673500408e-10	0.000574967125431
9.29547341323e-10	0.00053150835447
9.43421182239e-10	0.000415878050262
9.57295023154e-10	0.000271154305665
9.71168864069e-10	0.000122159617604
9.85042704984e-10	-2.22871803999e-05
9.989165459e-10	-0.000155626723426
1.01279038682e-09	-0.000261105946265
1.02666422773e-09	-0.000311589217745
1.04053806865e-09	-0.000284300127532
1.05441190956e-09	-0.000180517017725
1.06828575048e-09	-3.63534709322e-05
1.08215959139e-09	8.59249921632e-05
1.09603343231e-09	0.000124437050545
1.10990727322e-09	5.02695402247e-05
1.12378111414e-09	-0.000112489731691
1.13765495505e-09	-0.000291269621812
1.15152879597e-09	-0.00039442529669
1.16540263688e-09	-0.000352527014911
1.1792764778e-09	-0.000151788859512
1.19315031871e-09	0.000156546084327
1.20702415963e-09	0.000475592707517
1.22089800054e-09	0.000700888980646
1.23477184146e-09	0.000760573951993
1.24864568237e-09	0.000639570469502
1.26251952329e-09	0.000379353179596
1.27639336421e-09	5.65446753171e-05
1.29026720512e-09	-0.00024779967498
1.30414104604e-09	-0.000473552092444
1.31801488695e-09	-0.000592971337028
1.33188872787e-09	-0.000606656714808
1.34576256878e-09	-0.000531523721293
1.3596364097e-09	-0.000389401859138
1.37351025061e-09	-0.000202136274311
1.38738409153e-09	6.43626253805e-06
1.40125793244e-09	0.00020673625113
1.41513177336e-09	0.000364121515304
1.42900561427e-09	0.000446532911155
1.44287945519e-09	0.000436537142377
1.4567532961e-09	0.000341010454576
1.47062713702e-09	0.000191949002328
1.48450097793e-09	3.5984274291e-05
1.49837481885e-09	-8.33376470837e-05
1.51224865976e-09	-0.000142113291076
1.52612250068e-09	-0.000143414756167
1.5399963416e-09	-0.000111931287393
1.55387018251e-09	-7.89376135799e-05
1.56774402343e-09	-6.59961879137e-05
1.58161786434e-09	-7.55184373702e-05
1.59549170526e-09	-9.26217107917e-05
1.60936554617e-09	-9.62780832197e-05
1.62323938709e-09	-7.26720245439e-05
1.637113228e-09	-2.32689108088e-05
1.65098706892e-09	3.64215302397e-05
1.66486090983e-09	8.58681814861e-05
1.67873475075e-09	0.000110702101665
1.69260859166e-09	0.000109338936454
1.70648243258e-09	9.17864745134e-05
1.72035627349e-09	7.18976152712e-05
1.73423011441e-09	5.82781867706e-05
1.74810395532e-09	4.9409813073e-05
1.76197779624e-09	3.57636090484e-05
1.77585163716e-09	7.60748798712e-06
1.78972547807e-09	-3.67247776012e-05
1.80359931899e-09	-8.70751027833e-05
1.8174731599e-09	-0.000124909027363
1.83134700082e-09	-0.000132456581923
1.84522084173e-09	-0.000102518468339
1.85909468265e-09	-4.34763423982e-05
1.87296852356e-09	2.34378476307e-05
1.88684236448e-09	7.35096473363e-05
1.90071620539e-09	8.99428341654e-05
1.91459004631e-09	7.13444387657e-05
1.92846388722e-09	3.16993755405e-05
1.94233772814e-09	-7.01875842424e-06
1.95621156905e-09	-2.56280964095e-05
1.97008540997e-09	-1.64776483871e-05
1.98395925088e-09	1.39843405123e-05
1.9978330918e-09	4.96314969496e-05
2.01170693271e-09	7.31363907107e-05
2.02558077363e-09	7.40263276384e-05
2.03945461455e-09	5.23255803273e-05
2.05332845546e-09	1.66069457919e-05
2.06720229638e-09	-2.15093223233e-05
2.08107613729e-09	-5.29716999154e-05
2.09494997821e-09	-7.40101604606e-05
2.10882381912e-09	-8.50654250826e-05
2.12269766004e-09	-8.74745819601e-05
2.13657150095e-09	-8.07018004707e-05
2.15044534187e-09	-6.2194383645e-05
2.16431918278e-09	-2.99971925415e-05
2.1781930237e-09	1.38157711262e-05
2.19206686461e-09	6.13022202742e-05
2.20594070553e-09	0.000100265817309
2.21981454644e-09	0.000118838965136
2.23368838736e-09	0.000110730303277
2.24756222827e-09	7.84077055869e-05
2.26143606919e-09	3.23864878737e-05
2.2753099101e-09	-1.31645565489e-05
2.28918375102e-09	-4.62640819023e-05
2.30305759194e-09	-6.15088720224e-05
2.31693143285e-09	-6.103549822e-05
2.33080527377e-09	-5.18381930306e-05
2.34467911468e-09	-4.12560111727e-05
2.3585529556e-09	-3.31302799168e-05
2.37242679651e-09	-2.66467595793e-05
2.38630063743e-09	-1.81375853572e-05
2.40017447834e-09	-4.51315145256e-06
2.41404831926e-09	1.3811871213e-05
2.42792216017e-09	3.24196080328e-05
2.44179600109e-09	4.49419676443e-05
2.455669842e-09	4.65594130219e-05
2.46954368292e-09	3.68288674508e-05
2.48341752383e-09	2.01600869332e-05
2.49729136475e-09	3.6092328628e-06
2.51116520566e-09	-6.77085199641e-06
2.52503904658e-09	-8.97433255886e-06
2.5389128875e-09	-5.8225327848e-06
2.55278672841e-09	-2.97399537885e-06
2.56666056933e-09	-5.41845520274e-06
2.58053441024e-09	-1.43806892083e-05
2.59440825116e-09	-2.64445170615e-05
2.60828209207e-09	-3.53295690729e-05
2.62215593299e-09	-3.53142022504e-05
2.6360297739e-09	-2.44704042416e-05
2.64990361482e-09	-5.80568166697e-06
2.66377745573e-09	1.41129939948e-05
2.67765129665e-09	2.83353820123e-05
2.69152513756e-09	3.27394300257e-05
2.70539897848e-09	2.76425944321e-05
2.71927281939e-09	1.70864605025e-05
2.73314666031e-09	6.40896314508e-06
2.74702050122e-09	-5.012466886e-07
2.76089434214e-09	-2.78145898847e-06
2.77476818305e-09	-2.34987828662e-06
2.78864202397e-09	-2.1983055376e-06
2.80251586489e-09	-4.37554854216e-06
2.8163897058e-09	-8.81865616975e-06
2.83026354672e-09	-1.36057997224e-05
2.84413738763e-09	-1.63423010235e-05
2.85801122855e-09	-1.5707430066e-05
2.87188506946e-09	-1.22386618386e-05
2.88575891038e-09	-7.89824753156e-06
2.89963275129e-09	-4.75966089653e-06
2.91350659221e-09	-3.64345623893e-06
2.92738043312e-09	-3.59847626896e-06
2.94125427404e-09	-2.53742337009e-06
2.95512811495e-09	1.35288553338e-06
2.96900195587e-09	8.23004756967e-06
2.98287579678e-09	1.61364387168e-05
2.9967496377e-09	2.17594151763e-05
3.01062347861e-09	2.20758029172e-05
3.02449731953e-09	1.59286810231e-05
3.03837116045e-09	4.76646664538e-06
3.05224500136e-09	-7.96419681137e-06
3.06611884228e-09	-1.83724314411e-05
3.07999268319e-09	-2.38421107497e-05
3.09386652411e-09	-2.39750206674e-05
3.10774036502e-09	-2.03798172151e-05
3.12161420594e-09	-1.5470706785e-05
3.13548804685e-09	-1.1036979231e-05
3.14936188777e-09	-7.42373822504e-06
3.16323572868e-09	-3.71639771402e-06
3.1771095696e-09	1.23779443584e-06
3.19098341051e-09	7.68396512285e-06
3.20485725143e-09	1.43775550896e-05
3.21873109234e-09	1.90073751583e-05
3.23260493326e-09	1.93419273273e-05
3.24647877417e-09	1.44995619848e-05
3.26035261509e-09	5.57068187845e-06
3.274226456e-09	-4.74712442156e-06
3.28810029692e-09	-1.33311905302e-05
3.30197413784e-09	-1.79964608833e-05
3.31584797875e-09	-1.83387801371e-05
3.32972181967e-09	-1.56612823048e-05
3.34359566058e-09	-1.20671384138e-05
3.3574695015e-09	-9.27774726733e-06
3.37134334241e-09	-7.80810933065e-06
3.38521718333e-09	-6.91527247909e-06
3.39909102424e-09	-5.26304256709e-06
3.41296486516e-09	-1.89691638752e-06
3.42683870607e-09	3.03918659483e-06
3.44071254699e-09	8.26320138003e-06
3.4545863879e-09	1.19425221783e-05
3.46846022882e-09	1.26117884065e-05
3.48233406973e-09	9.87369185168e-06
3.49620791065e-09	4.56550469607e-06
3.51008175156e-09	-1.70251280451e-06
3.52395559248e-09	-7.30492820367e-06
3.53782943339e-09	-1.12635480036e-05
3.55170327431e-09	-1.34603596962e-05
3.56557711523e-09	-1.43599054354e-05
3.57945095614e-09	-1.44699724842e-05
3.59332479706e-09	-1.39057528941e-05
3.60719863797e-09	-1.23394411276e-05
3.62107247889e-09	-9.32205057325e-06
3.6349463198e-09	-4.79288655697e-06
3.64882016072e-09	6.17053444785e-07
3.66269400163e-09	5.6668554862e-06
3.67656784255e-09	8.99612587091e-06
3.69044168346e-09	9.73099031398e-06
3.70431552438e-09	7.893709153e-06
3.71818936529e-09	4.35472020399e-06
3.73206320621e-09	3.75608038894e-07
3.74593704712e-09	-3.00440160572e-06
3.75981088804e-09	-5.41208873983e-06
3.77368472895e-09	-7.15385112926e-06
3.78755856987e-09	-8.84594828676e-06
3.80143241079e-09	-1.08755912152e-05
3.8153062517e-09	-1.3031493836e-05
3.82918009262e-09	-1.45228250403e-05
3.84305393353e-09	-1.43751449286e-05
3.85692777445e-09	-1.19911410366e-05
3.87080161536e-09	-7.5488337643e-06
3.88467545628e-09	-2.02390810955e-06
3.89854929719e-09	3.18059164783e-06
3.91242313811e-09	6.80272341924e-06
3.92629697902e-09	8.20385412226e-06
3.94017081994e-09	7.5162183748e-06
3.95404466085e-09	5.42686893823e-06
3.96791850177e-09	2.73755858871e-06
3.98179234268e-09	-3.37809851203e-08
3.9956661836e-09	-2.81594702756e-06
4.00954002451e-09	-5.81874928685e-06
4.02341386543e-09	-9.19461945159e-06
4.03728770634e-09	-1.27248413264e-05
4.05116154726e-09	-1.57388913067e-05
4.06503538818e-09	-1.73290518433e-05
4.07890922909e-09	-1.67461166711e-05
4.09278307001e-09	-1.37797969728e-05
4.10665691092e-09	-8.90199498826e-06
4.12053075184e-09	-3.13521604767e-06
4.13440459275e-09	2.3236002562e-06
4.14827843367e-09	6.49074490866e-06
4.16215227458e-09	8.84901328391e-06
4.1760261155e-09	9.350588698e-06
4.18989995641e-09	8.23544633022e-06
4.20377379733e-09	5.81029735258e-06
4.21764763824e-09	2.3076368052e-06
4.23152147916e-09	-2.06898266697e-06
4.24539532007e-09	-7.01120598023e-06
4.25926916099e-09	-1.19774404084e-05
4.2731430019e-09	-1.6200434402e-05
4.28701684282e-09	-1.88603935385e-05
4.30089068374e-09	-1.93631331058e-05
4.31476452465e-09	-1.7558782929e-05
4.32863836557e-09	-1.38119130497e-05
4.34251220648e-09	-8.86891848495e-06
4.3563860474e-09	-3.59955311069e-06
4.37025988831e-09	1.25889471292e-06
4.38413372923e-09	5.2367772696e-06
4.39800757014e-09	8.09389985079e-06
4.41188141106e-09	9.69597840594e-06
4.42575525197e-09	9.87132898445e-06
4.43962909289e-09	8.40705706651e-06
4.4535029338e-09	5.14972771271e-06
4.46737677472e-09	2.1252472493e-07
4.48125061563e-09	-5.89395358475e-06
4.49512445655e-09	-1.22537521747e-05
4.50899829746e-09	-1.77380188688e-05
4.52287213838e-09	-2.13037619687e-05
4.53674597929e-09	-2.22941653192e-05
4.55061982021e-09	-2.06082968361e-05
4.56449366113e-09	-1.66769223142e-05
4.57836750204e-09	-1.12808984341e-05
4.59224134296e-09	-5.2931341088e-06
4.60611518387e-09	5.10140523602e-07
4.61998902479e-09	5.5470532061e-06
4.6338628657e-09	9.38884568313e-06
4.64773670662e-09	1.16890960271e-05
4.66161054753e-09	1.21426501209e-05
4.67548438845e-09	1.05283188532e-05
4.68935822936e-09	6.8309686867e-06
4.70323207028e-09	1.35517018407e-06
4.71710591119e-09	-5.22791242474e-06
4.73097975211e-09	-1.19759852168e-05
4.74485359302e-09	-1.7854550606e-05
4.75872743394e-09	-2.19771081902e-05
4.77260127485e-09	-2.37725525949e-05
4.78647511577e-09	-2.306992792e-05
4.80034895668e-09	-2.00491540454e-05
4.8142227976e-09	-1.51493795784e-05
4.82809663852e-09	-8.96493202163e-06
4.84197047943e-09	-2.18327340917e-06
4.85584432035e-09	4.431794423e-06
4.86971816126e-09	1.00757542896e-05
4.88359200218e-09	1.39543926707e-05
4.89746584309e-09	1.54207027663e-05
4.91133968401e-09	1.41188875205e-05
4.92521352492e-09	1.01174309748e-05
4.93908736584e-09	3.93650543629e-06
4.95296120675e-09	-3.53284713128e-06
4.96683504767e-09	-1.12063635243e-05
4.98070888858e-09	-1.80216648005e-05
4.9945827295e-09	-2.31140784308e-05
5.00845657041e-09	-2.59173302766e-05
5.02233041133e-09	-2.6170970159e-05
5.03620425224e-09	-2.3884107577e-05
5.05007809316e-09	-1.92928036995e-05
5.06395193408e-09	-1.28441815832e-05
5.07782577499e-09	-5.20227195011e-06
5.09169961591e-09	2.75716001852e-06
5.10557345682e-09	1.00062252386e-05
5.11944729774e-09	1.54894751176e-05
5.13332113865e-09	1.83199972525e-05
5.14719497957e-09	1.79660364665e-05
5.16106882048e-09	1.43809093061e-05
5.1749426614e-09	8.03784587333e-06
5.18881650231e-09	-1.69841399611e-07
5.20269034323e-09	-9.09150458028e-06
5.21656418414e-09	-1.75252698682e-05
5.23043802506e-09	-2.43891172431e-05
5.24431186597e-09	-2.88405481115e-05
5.25818570689e-09	-3.03414908558e-05
5.2720595478e-09	-2.86947379209e-05
5.28593338872e-09	-2.40525605477e-05
5.29980722963e-09	-1.69208415173e-05
5.31368107055e-09	-8.1379466792e-06
5.32755491147e-09	1.19978483326e-06
5.34142875238e-09	9.86463510344e-06
5.3553025933e-09	1.66780755535e-05
5.36917643421e-09	2.0686080461e-05
5.38305027513e-09	2.13154798985e-05
5.39692411604e-09	1.84541077033e-05
5.41079795696e-09	1.24541193145e-05
5.42467179787e-09	4.06360186389e-06
5.43854563879e-09	-5.68204859519e-06
5.4524194797e-09	-1.55803772941e-05
5.46629332062e-09	-2.43945887632e-05
5.48016716153e-09	-3.0972812965e-05
5.49404100245e-09	-3.43951905961e-05
5.50791484336e-09	-3.40970509569e-05
5.52178868428e-09	-2.99840376101e-05
5.53566252519e-09	-2.24944578804e-05
5.54953636611e-09	-1.25687138279e-05
5.56341020703e-09	-1.53219173171e-06
5.57728404794e-09	9.09902973945e-06
5.59115788886e-09	1.78649879672e-05
5.60503172977e-09	2.35806310229e-05
5.61890557069e-09	2.55012510024e-05
5.6327794116e-09	2.34020499192e-05
5.64665325252e-09	1.75683617272e-05
5.66052709343e-09	8.73470798979e-06
5.67440093435e-09	-2.02171804631e-06
5.68827477526e-09	-1.34011415867e-05
5.70214861618e-09	-2.40069257416e-05
5.71602245709e-09	-3.24958746205e-05
5.72989629801e-09	-3.77225151169e-05
5.74377013892e-09	-3.89070992242e-05
5.75764397984e-09	-3.57610915671e-05
5.77151782075e-09	-2.85747719317e-05
5.78539166167e-09	-1.82015264727e-05
5.79926550258e-09	-5.96458858126e-06
5.8131393435e-09	6.52520384392e-06
5.82701318442e-09	1.75925179065e-05
5.84088702533e-09	2.57468291238e-05
5.85476086625e-09	2.98668837786e-05
5.86863470716e-09	2.93689754471e-05
5.88250854808e-09	2.42597398028e-05
5.89638238899e-09	1.51480280692e-05
5.91025622991e-09	3.16638897857e-06
5.92413007082e-09	-1.01659015854e-05
5.93800391174e-09	-2.31249632634e-05
5.95187775265e-09	-3.40079932357e-05
5.96575159357e-09	-4.13624729845e-05
5.97962543448e-09	-4.41783267888e-05
5.9934992754e-09	-4.20383221353e-05
6.00737311631e-09	-3.51678390871e-05
6.02124695723e-09	-2.44072780333e-05
6.03512079814e-09	-1.11027538878e-05
6.04899463906e-09	3.07587606585e-06
6.06286847997e-09	1.63332533702e-05
6.07674232089e-09	2.695906187e-05
6.09061616181e-09	3.35434524459e-05
6.10449000272e-09	3.5143988498e-05
6.11836384364e-09	3.14252756652e-05
6.13223768455e-09	2.27291111514e-05
6.14611152547e-09	1.00689439932e-05
6.15998536638e-09	-4.9751165534e-06
6.1738592073e-09	-2.0444384063e-05
6.18773304821e-09	-3.42708590324e-05
6.20160688913e-09	-4.45627301815e-05
6.21548073004e-09	-4.98914669151e-05
6.22935457096e-09	-4.94858177262e-05
6.24322841187e-09	-4.33528839494e-05
6.25710225279e-09	-3.22592604789e-05
6.2709760937e-09	-1.76213707164e-05
6.28484993462e-09	-1.30989667468e-06
6.29872377553e-09	1.45896419781e-05
6.31259761645e-09	2.80393960566e-05
6.32647145737e-09	3.72864378733e-05
6.34034529828e-09	4.10910652135e-05
6.3542191392e-09	3.88662519981e-05
6.36809298011e-09	3.07856316795e-05
6.38196682103e-09	1.7769410988e-05
6.39584066194e-09	1.40397730775e-06
