% time-domain current integration by openEMS v0.0.36-145-g8ee535b @Thu Apr  2 14:33:43 2026
% start-coordinates: (0.00869492,-0.000762712,0) m -> [59,28,1]
% stop-coordinates: (0.009,0.000457627,0) m -> [60,32,1]
% t/s	current
1.06721853194e-13	0
1.39805627685e-11	0
2.78544036837e-11	0
4.1728244599e-11	0
5.56020855143e-11	7.44094132808e-20
6.94759264296e-11	4.72885653433e-14
8.33497673448e-11	-6.54680194605e-13
9.72236082601e-11	-3.80505522923e-13
1.11097449175e-10	8.54106715908e-11
1.24971290091e-10	3.00847680101e-10
1.38845131006e-10	4.90808504949e-10
1.52718971921e-10	-1.83244426577e-11
1.66592812836e-10	1.62445917828e-10
1.80466653752e-10	-3.10935677206e-09
1.94340494667e-10	-7.02523017537e-09
2.08214335582e-10	-1.09087805455e-08
2.22088176498e-10	-1.18018936845e-08
2.35962017413e-10	-5.02496977361e-09
2.49835858328e-10	1.3437352564e-08
2.63709699243e-10	4.56936142257e-08
2.77583540159e-10	8.63078781776e-08
2.91457381074e-10	1.22893396792e-07
3.05331221989e-10	1.30336559323e-07
3.19205062905e-10	7.96263677216e-08
3.3307890382e-10	-4.87512537006e-08
3.46952744735e-10	-2.54748130146e-07
3.6082658565e-10	-4.94304117638e-07
3.74700426566e-10	-6.86732846589e-07
3.88574267481e-10	-7.26606458556e-07
4.02448108396e-10	-5.2084442359e-07
4.16321949311e-10	-3.80292206614e-08
4.30195790227e-10	6.54789232613e-07
4.44069631142e-10	1.3860872059e-06
4.57943472057e-10	1.91888716472e-06
4.71817312973e-10	2.0241745915e-06
4.85691153888e-10	1.57761087394e-06
4.99564994803e-10	6.194186426e-07
5.13438835718e-10	-6.32593867067e-07
5.27312676634e-10	-1.84439454642e-06
5.41186517549e-10	-2.67116115538e-06
5.55060358464e-10	-2.87620468953e-06
5.68934199379e-10	-2.40815097641e-06
5.82808040295e-10	-1.41321754654e-06
5.9668188121e-10	-1.79809987344e-07
6.10555722125e-10	9.63378852248e-07
6.24429563041e-10	1.7486621573e-06
6.38303403956e-10	2.04418711292e-06
6.52177244871e-10	1.87397426998e-06
6.66051085786e-10	1.38883081036e-06
6.79924926702e-10	7.98932831003e-07
6.93798767617e-10	2.97300317698e-07
7.07672608532e-10	-5.61945512345e-09
7.21546449447e-10	-1.12158886623e-07
7.35420290363e-10	-1.21048515211e-07
7.49294131278e-10	-1.76164263621e-07
7.63167972193e-10	-3.8849145767e-07
7.77041813109e-10	-7.75182741108e-07
7.90915654024e-10	-1.23463746604e-06
8.04789494939e-10	-1.57951808433e-06
8.18663335854e-10	-1.6174448092e-06
8.3253717677e-10	-1.24103166854e-06
8.46411017685e-10	-4.90449735935e-07
8.602848586e-10	4.46720065383e-07
8.74158699515e-10	1.29971328988e-06
8.88032540431e-10	1.81839493507e-06
9.01906381346e-10	1.867319952e-06
9.15780222261e-10	1.47538435158e-06
9.29654063177e-10	8.1340141378e-07
9.43527904092e-10	1.16385287185e-07
9.57401745007e-10	-4.10709134258e-07
9.71275585922e-10	-6.70110637202e-07
9.85149426838e-10	-6.88054967668e-07
9.99023267753e-10	-5.83248777275e-07
1.01289710867e-09	-4.93028210258e-07
1.02677094958e-09	-5.03577439304e-07
1.0406447905e-09	-6.07949061759e-07
1.05451863141e-09	-7.15024782494e-07
1.06839247233e-09	-7.011009302e-07
1.08226631324e-09	-4.76511104353e-07
1.09614015416e-09	-4.11341183337e-08
1.11001399508e-09	5.02707507621e-07
1.12388783599e-09	9.84751295618e-07
1.13776167691e-09	1.23488234749e-06
1.15163551782e-09	1.15564682801e-06
1.16550935874e-09	7.65740537645e-07
1.17938319965e-09	1.95682929416e-07
1.19325704057e-09	-3.63710853435e-07
1.20713088148e-09	-7.35788660222e-07
1.2210047224e-09	-8.24837513846e-07
1.23487856331e-09	-6.44835495223e-07
1.24875240423e-09	-3.04076536395e-07
1.26262624514e-09	4.58466189457e-08
1.27650008606e-09	2.72384141908e-07
1.29037392697e-09	3.09364594386e-07
1.30424776789e-09	1.71780413893e-07
1.3181216088e-09	-6.10310380011e-08
1.33199544972e-09	-2.81426878246e-07
1.34586929063e-09	-3.96361599542e-07
1.35974313155e-09	-3.58346142093e-07
1.37361697247e-09	-1.78825231956e-07
1.38749081338e-09	8.03954378625e-08
1.4013646543e-09	3.29744835881e-07
1.41523849521e-09	4.86298915803e-07
1.42911233613e-09	5.02055797824e-07
1.44298617704e-09	3.7963971522e-07
1.45686001796e-09	1.70343213313e-07
1.47073385887e-09	-4.88865445902e-08
1.48460769979e-09	-2.05650493967e-07
1.4984815407e-09	-2.61359673459e-07
1.51235538162e-09	-2.23041496383e-07
1.52622922253e-09	-1.35432756565e-07
1.54010306345e-09	-5.75580187956e-08
1.55397690436e-09	-3.45492559006e-08
1.56785074528e-09	-7.66059571333e-08
1.58172458619e-09	-1.56761743142e-07
1.59559842711e-09	-2.24205834343e-07
1.60947226803e-09	-2.28879841302e-07
1.62334610894e-09	-1.45354974279e-07
1.63721994986e-09	1.47459893185e-08
1.65109379077e-09	2.05351881277e-07
1.66496763169e-09	3.62973935353e-07
1.6788414726e-09	4.32569066788e-07
1.69271531352e-09	3.87918646538e-07
1.70658915443e-09	2.43326581995e-07
1.72046299535e-09	4.70796521768e-08
1.73433683626e-09	-1.37372353493e-07
1.74821067718e-09	-2.56590880099e-07
1.76208451809e-09	-2.86651669512e-07
1.77595835901e-09	-2.39621584797e-07
1.78983219992e-09	-1.54309873324e-07
1.80370604084e-09	-7.559684434e-08
1.81757988175e-09	-3.40890267125e-08
1.83145372267e-09	-3.35147944952e-08
1.84532756358e-09	-5.2844235654e-08
1.8592014045e-09	-6.00388645466e-08
1.87307524542e-09	-3.00353022453e-08
1.88694908633e-09	4.13071781225e-08
1.90082292725e-09	1.35087816489e-07
1.91469676816e-09	2.17722217144e-07
1.92857060908e-09	2.56356230466e-07
1.94244444999e-09	2.32048961379e-07
1.95631829091e-09	1.47688794527e-07
1.97019213182e-09	2.5928944325e-08
1.98406597274e-09	-9.9507715845e-08
1.99793981365e-09	-1.95072388465e-07
2.01181365457e-09	-2.37761341282e-07
2.02568749548e-09	-2.21112074428e-07
2.0395613364e-09	-1.55600801577e-07
2.05343517731e-09	-6.44973638941e-08
2.06730901823e-09	2.38632296146e-08
2.08118285914e-09	8.54328803257e-08
2.09505670006e-09	1.07183062426e-07
2.10893054097e-09	9.08772861408e-08
2.12280438189e-09	5.10033792978e-08
2.13667822281e-09	8.20626411269e-09
2.15055206372e-09	-1.86618844822e-08
2.16442590464e-09	-1.98219272107e-08
2.17829974555e-09	2.63390553812e-09
2.19217358647e-09	3.62174290558e-08
2.20604742738e-09	6.41273629753e-08
2.2199212683e-09	7.16838215453e-08
2.23379510921e-09	5.27302397302e-08
2.24766895013e-09	1.14213527524e-08
2.26154279104e-09	-3.88416765418e-08
2.27541663196e-09	-8.07531534974e-08
2.28929047287e-09	-9.95788838054e-08
2.30316431379e-09	-8.895850101e-08
2.3170381547e-09	-5.41580931213e-08
2.33091199562e-09	-9.34814092801e-09
2.34478583653e-09	2.77566538642e-08
2.35865967745e-09	4.41928165174e-08
2.37253351837e-09	3.70558659313e-08
2.38640735928e-09	1.47118441873e-08
2.4002812002e-09	-7.66978125455e-09
2.41415504111e-09	-1.56742459012e-08
2.42802888203e-09	-2.93263191509e-09
2.44190272294e-09	2.56583234659e-08
2.45577656386e-09	5.66119382484e-08
2.46965040477e-09	7.41439976082e-08
2.48352424569e-09	6.77190996612e-08
2.4973980866e-09	3.67408894419e-08
2.51127192752e-09	-9.05792063577e-09
2.52514576843e-09	-5.42892557576e-08
2.53901960935e-09	-8.4077100837e-08
2.55289345026e-09	-8.97845140457e-08
2.56676729118e-09	-7.16646511023e-08
2.58064113209e-09	-3.80116347287e-08
2.59451497301e-09	-1.080829648e-09
2.60838881392e-09	2.77275695737e-08
2.62226265484e-09	4.18272350089e-08
2.63613649576e-09	4.13002894106e-08
2.65001033667e-09	3.13863637302e-08
2.66388417759e-09	1.98672047702e-08
2.6777580185e-09	1.31443487206e-08
2.69163185942e-09	1.38611939704e-08
2.70550570033e-09	1.99102796472e-08
2.71937954125e-09	2.60413131059e-08
2.73325338216e-09	2.62211159452e-08
2.74712722308e-09	1.68568625725e-08
2.76100106399e-09	-1.79839787506e-09
2.77487490491e-09	-2.53226630775e-08
2.78874874582e-09	-4.67894665235e-08
2.80262258674e-09	-5.90803672651e-08
2.81649642765e-09	-5.74558107758e-08
2.83037026857e-09	-4.14138696669e-08
2.84424410948e-09	-1.45934198059e-08
2.8581179504e-09	1.58900625991e-08
2.87199179131e-09	4.19068868496e-08
2.88586563223e-09	5.65632518601e-08
2.89973947315e-09	5.65362832106e-08
2.91361331406e-09	4.30197992785e-08
2.92748715498e-09	2.13223678713e-08
2.94136099589e-09	-9.76164926669e-10
2.95523483681e-09	-1.69165907948e-08
2.96910867772e-09	-2.24783462954e-08
2.98298251864e-09	-1.82942265781e-08
2.99685635955e-09	-8.77019168399e-09
3.01073020047e-09	-2.23808527267e-10
3.02460404138e-09	2.52611087603e-09
3.0384778823e-09	-1.95754967791e-09
3.05235172321e-09	-1.08043529679e-08
3.06622556413e-09	-1.86191417839e-08
3.08009940504e-09	-2.00844283427e-08
3.09397324596e-09	-1.27581181175e-08
3.10784708687e-09	1.75272418801e-09
3.12172092779e-09	1.84655668534e-08
3.13559476871e-09	3.12445465056e-08
3.14946860962e-09	3.55018059395e-08
3.16334245054e-09	2.98994962122e-08
3.17721629145e-09	1.69485758761e-08
3.19109013237e-09	1.55401824742e-09
3.20496397328e-09	-1.09797735348e-08
3.2188378142e-09	-1.70687783907e-08
3.23271165511e-09	-1.59765161101e-08
3.24658549603e-09	-9.82844827746e-09
3.26045933694e-09	-2.41503173015e-09
3.27433317786e-09	2.68734900999e-09
3.28820701877e-09	3.50382656222e-09
3.30208085969e-09	5.34638999738e-10
3.3159547006e-09	-3.80163545088e-09
3.32982854152e-09	-6.48885478682e-09
3.34370238243e-09	-5.26528420863e-09
3.35757622335e-09	2.24563478923e-10
3.37145006426e-09	8.33257196575e-09
3.38532390518e-09	1.6287428295e-08
3.3991977461e-09	2.13378754665e-08
3.41307158701e-09	2.17401083802e-08
3.42694542793e-09	1.73362479927e-08
3.44081926884e-09	9.40501454494e-09
3.45469310976e-09	9.73310321228e-11
3.46856695067e-09	-8.35372304664e-09
3.48244079159e-09	-1.40371341217e-08
3.4963146325e-09	-1.58932742522e-08
3.51018847342e-09	-1.38424329776e-08
3.52406231433e-09	-8.82264306057e-09
3.53793615525e-09	-2.43227393781e-09
3.55180999616e-09	3.53303164502e-09
3.56568383708e-09	7.67599939167e-09
3.57955767799e-09	9.56308188194e-09
3.59343151891e-09	9.67934177254e-09
3.60730535982e-09	9.14659636919e-09
3.62117920074e-09	9.13014197579e-09
3.63505304166e-09	1.01960440091e-08
3.64892688257e-09	1.18927578896e-08
3.66280072349e-09	1.29982025143e-08
3.6766745644e-09	1.2038865016e-08
3.69054840532e-09	8.07091193877e-09
3.70442224623e-09	1.28333610405e-09
3.71829608715e-09	-6.9416148385e-09
3.73216992806e-09	-1.42991964935e-08
3.74604376898e-09	-1.84704376238e-08
3.75991760989e-09	-1.7965392729e-08
3.77379145081e-09	-1.2736615318e-08
3.78766529172e-09	-4.08678690889e-09
3.80153913264e-09	5.6241367119e-09
3.81541297355e-09	1.40110794078e-08
3.82928681447e-09	1.93412006411e-08
3.84316065538e-09	2.10507344889e-08
3.8570344963e-09	1.96600602465e-08
3.87090833721e-09	1.63008699872e-08
3.88478217813e-09	1.22374022027e-08
3.89865601905e-09	8.15093503803e-09
3.91252985996e-09	4.23028456709e-09
3.92640370088e-09	1.93872473631e-10
3.94027754179e-09	-4.1603174239e-09
3.95415138271e-09	-8.64961169356e-09
3.96802522362e-09	-1.25559918018e-08
3.98189906454e-09	-1.48253711529e-08
3.99577290545e-09	-1.44589344941e-08
4.00964674637e-09	-1.10293534306e-08
4.02352058728e-09	-4.88662710296e-09
4.0373944282e-09	2.94786328681e-09
4.05126826911e-09	1.09734807907e-08
4.06514211003e-09	1.77988859207e-08
4.07901595094e-09	2.23099139163e-08
4.09288979186e-09	2.39006379132e-08
4.10676363277e-09	2.24857856779e-08
4.12063747369e-09	1.84668280667e-08
4.1345113146e-09	1.24336763108e-08
4.14838515552e-09	5.28849763981e-09
4.16225899644e-09	-2.0192567618e-09
4.17613283735e-09	-8.51901393872e-09
4.19000667827e-09	-1.3377113639e-08
4.20388051918e-09	-1.60648720993e-08
4.2177543601e-09	-1.63159139532e-08
4.23162820101e-09	-1.42418352667e-08
4.24550204193e-09	-1.00742916231e-08
4.25937588284e-09	-4.35610836291e-09
4.27324972376e-09	2.4304265267e-09
4.28712356467e-09	9.58267243334e-09
4.30099740559e-09	1.63223496941e-08
4.3148712465e-09	2.17795417257e-08
4.32874508742e-09	2.50835885396e-08
4.34261892833e-09	2.56339980353e-08
4.35649276925e-09	2.3075264366e-08
4.37036661016e-09	1.75960863658e-08
4.38424045108e-09	9.85928494401e-09
4.398114292e-09	1.01855146539e-09
4.41198813291e-09	-7.60037277558e-09
4.42586197383e-09	-1.46289158565e-08
4.43973581474e-09	-1.90817495138e-08
4.45360965566e-09	-2.04157810657e-08
4.46748349657e-09	-1.86178308326e-08
4.48135733749e-09	-1.41284317579e-08
4.4952311784e-09	-7.61762652957e-09
4.50910501932e-09	1.74366299177e-10
4.52297886023e-09	8.47361025791e-09
4.53685270115e-09	1.64717306461e-08
4.55072654206e-09	2.32719870041e-08
4.56460038298e-09	2.78995884173e-08
4.57847422389e-09	2.95710442799e-08
4.59234806481e-09	2.77203291432e-08
4.60622190572e-09	2.23970140212e-08
4.62009574664e-09	1.42246312507e-08
4.63396958755e-09	4.34619273904e-09
4.64784342847e-09	-5.70200953121e-09
4.66171726939e-09	-1.44828646853e-08
4.6755911103e-09	-2.07537080854e-08
4.68946495122e-09	-2.37773392087e-08
4.70333879213e-09	-2.32742927153e-08
4.71721263305e-09	-1.9432103926e-08
4.73108647396e-09	-1.27759225421e-08
4.74496031488e-09	-4.08127931451e-09
4.75883415579e-09	5.73933256476e-09
4.77270799671e-09	1.55851171968e-08
4.78658183762e-09	2.43152200596e-08
4.80045567854e-09	3.07682022083e-08
4.81432951945e-09	3.3944701272e-08
4.82820336037e-09	3.32461631558e-08
4.84207720128e-09	2.84711667575e-08
4.8559510422e-09	2.01293985924e-08
4.86982488311e-09	9.27570731335e-09
4.88369872403e-09	-2.61316834838e-09
4.89757256495e-09	-1.37982620885e-08
4.91144640586e-09	-2.27283862841e-08
4.92532024678e-09	-2.81209118214e-08
4.93919408769e-09	-2.92501027843e-08
4.95306792861e-09	-2.59710368766e-08
4.96694176952e-09	-1.87912654326e-08
4.98081561044e-09	-8.64073701479e-09
4.99468945135e-09	3.13341175229e-09
5.00856329227e-09	1.50362726714e-08
5.02243713318e-09	2.55630983048e-08
5.0363109741e-09	3.34620047227e-08
5.05018481501e-09	3.76926863055e-08
5.06405865593e-09	3.77502082927e-08
5.07793249684e-09	3.35709877675e-08
5.09180633776e-09	2.55619063694e-08
5.10568017867e-09	1.46125938016e-08
5.11955401959e-09	2.00541450113e-09
5.1334278605e-09	-1.07974997832e-08
5.14730170142e-09	-2.21122320454e-08
5.16117554234e-09	-3.04055873812e-08
5.17504938325e-09	-3.43629977806e-08
5.18892322417e-09	-3.32423581995e-08
5.20279706508e-09	-2.69391584595e-08
5.216670906e-09	-1.62132245407e-08
5.23054474691e-09	-2.48319409479e-09
5.24441858783e-09	1.22847243489e-08
5.25829242874e-09	2.59858889962e-08
5.27216626966e-09	3.66890908765e-08
5.28604011057e-09	4.30202078405e-08
5.29991395149e-09	4.41974634668e-08
5.3137877924e-09	4.02214084261e-08
5.32766163332e-09	3.17181374498e-08
5.34153547423e-09	1.97816003578e-08
5.35540931515e-09	5.8554920912e-09
5.36928315606e-09	-8.42905478748e-09
5.38315699698e-09	-2.14628297357e-08
5.39703083789e-09	-3.16638519848e-08
5.41090467881e-09	-3.76700199922e-08
5.42477851973e-09	-3.85487588517e-08
5.43865236064e-09	-3.39019479156e-08
5.45252620156e-09	-2.41123849776e-08
5.46640004247e-09	-1.01962189802e-08
5.48027388339e-09	6.10769390619e-09
5.4941477243e-09	2.25900897988e-08
5.50802156522e-09	3.69695882796e-08
5.52189540613e-09	4.71066385899e-08
5.53576924705e-09	5.15036227e-08
5.54964308796e-09	4.95516125909e-08
5.56351692888e-09	4.14567864482e-08
5.57739076979e-09	2.83406560442e-08
5.59126461071e-09	1.19895968709e-08
5.60513845162e-09	-5.43683675858e-09
5.61901229254e-09	-2.16431210731e-08
5.63288613345e-09	-3.461570941e-08
5.64675997437e-09	-4.27195097075e-08
5.66063381529e-09	-4.4908411212e-08
5.6745076562e-09	-4.09463467577e-08
5.68838149712e-09	-3.12623704701e-08
5.70225533803e-09	-1.69864762256e-08
5.71612917895e-09	2.3111290659e-10
5.73000301986e-09	1.8403946811e-08
5.74387686078e-09	3.51652857944e-08
5.75775070169e-09	4.84365578757e-08
5.77162454261e-09	5.63008413224e-08
5.78549838352e-09	5.75474885522e-08
5.79937222444e-09	5.17146574452e-08
5.81324606535e-09	3.93388575048e-08
5.82711990627e-09	2.18969109511e-08
5.84099374718e-09	1.69616143353e-09
5.8548675881e-09	-1.85577953005e-08
5.86874142901e-09	-3.60460106208e-08
5.88261526993e-09	-4.82956998837e-08
5.89648911084e-09	-5.3621320717e-08
5.91036295176e-09	-5.12965243615e-08
5.92423679268e-09	-4.16536849457e-08
5.93811063359e-09	-2.6014715715e-08
5.95198447451e-09	-6.37356833977e-09
5.96585831542e-09	1.46555301228e-08
5.97973215634e-09	3.45361321763e-08
5.99360599725e-09	5.07694188912e-08
6.00747983817e-09	6.13356121448e-08
6.02135367908e-09	6.48447837648e-08
6.03522752e-09	6.07178805012e-08
6.04910136091e-09	4.93214287189e-08
6.06297520183e-09	3.1801430822e-08
6.07684904274e-09	1.02618642472e-08
6.09072288366e-09	-1.26482966323e-08
6.10459672457e-09	-3.38915491227e-08
6.11847056549e-09	-5.06718365045e-08
6.1323444064e-09	-6.047561385e-08
6.14621824732e-09	-6.18577331579e-08
6.16009208823e-09	-5.44109539646e-08
6.17396592915e-09	-3.8949028891e-08
6.18783977007e-09	-1.74926313434e-08
6.20171361098e-09	7.18724990634e-09
6.2155874519e-09	3.17294848173e-08
6.22946129281e-09	5.29358352708e-08
6.24333513373e-09	6.79018938854e-08
6.25720897464e-09	7.46521919837e-08
6.27108281556e-09	7.23447683981e-08
6.28495665647e-09	6.11709722875e-08
6.29883049739e-09	4.26304431755e-08
6.3127043383e-09	1.89368059011e-08
6.32657817922e-09	-6.88828549755e-09
6.34045202013e-09	-3.16950838908e-08
6.35432586105e-09	-5.22488150523e-08
6.36819970196e-09	-6.59198917674e-08
6.38207354288e-09	-7.08095200253e-08
6.39594738379e-09	-6.61550245695e-08
