% time-domain current integration by openEMS v0.0.36-145-g8ee535b @Thu Apr  2 14:33:43 2026
% start-coordinates: (-0.000762712,-0.014,0) m -> [28,0,1]
% stop-coordinates: (0.000457627,-0.009,0) m -> [32,1,1]
% t/s	current
1.06721853194e-13	0
1.39805627685e-11	0
2.78544036837e-11	0
4.1728244599e-11	1.02856924703e-16
5.56020855143e-11	2.48822967439e-12
6.94759264296e-11	2.69696986965e-10
8.33497673448e-11	7.00487445826e-11
9.72236082601e-11	5.86365400679e-11
1.11097449175e-10	-1.64669944347e-11
1.24971290091e-10	-2.70748579112e-09
1.38845131006e-10	-4.46252190756e-09
1.52718971921e-10	-8.03180277842e-09
1.66592812836e-10	-9.8146344385e-09
1.80466653752e-10	-7.85599496567e-09
1.94340494667e-10	1.61958269018e-09
2.08214335582e-10	2.32979378012e-08
2.22088176498e-10	5.51243743985e-08
2.35962017413e-10	9.08458019921e-08
2.49835858328e-10	1.14705926535e-07
2.63709699243e-10	1.01822990928e-07
2.77583540159e-10	3.05049638882e-08
2.91457381074e-10	-1.12822760912e-07
3.05331221989e-10	-3.13131522489e-07
3.19205062905e-10	-5.20197431797e-07
3.3307890382e-10	-6.51974687571e-07
3.46952744735e-10	-6.13307065578e-07
3.6082658565e-10	-3.35673576046e-07
3.74700426566e-10	1.84233613254e-07
3.88574267481e-10	8.56829274198e-07
4.02448108396e-10	1.50394271259e-06
4.16321949311e-10	1.90043147086e-06
4.30195790227e-10	1.84974032891e-06
4.44069631142e-10	1.26237773657e-06
4.57943472057e-10	2.09869540413e-07
4.71817312973e-10	-1.07164123619e-06
4.85691153888e-10	-2.2417971195e-06
4.99564994803e-10	-2.95880136036e-06
5.13438835718e-10	-2.98923941955e-06
5.27312676634e-10	-2.29298893828e-06
5.41186517549e-10	-1.04028731585e-06
5.55060358464e-10	4.38223651145e-07
5.68934199379e-10	1.75307468453e-06
5.82808040295e-10	2.57812644122e-06
5.9668188121e-10	2.74624653684e-06
6.10555722125e-10	2.2876215553e-06
6.24429563041e-10	1.40482188726e-06
6.38303403956e-10	3.89694832847e-07
6.52177244871e-10	-4.80526068714e-07
6.66051085786e-10	-1.03067213786e-06
6.79924926702e-10	-1.22525671031e-06
6.93798767617e-10	-1.15030070447e-06
7.07672608532e-10	-9.48950400925e-07
7.21546449447e-10	-7.45532815927e-07
7.35420290363e-10	-5.92252035858e-07
7.49294131278e-10	-4.6156674216e-07
7.63167972193e-10	-2.82728251477e-07
7.77041813109e-10	-1.07002051664e-09
7.90915654024e-10	3.71641760921e-07
8.04789494939e-10	7.47786998545e-07
8.18663335854e-10	9.96091330308e-07
8.3253717677e-10	1.00370789369e-06
8.46411017685e-10	7.34038621886e-07
8.602848586e-10	2.52388986155e-07
8.74158699515e-10	-2.93912307825e-07
8.88032540431e-10	-7.33729166313e-07
9.01906381346e-10	-9.38704545206e-07
9.15780222261e-10	-8.68854613145e-07
9.29654063177e-10	-5.79540937906e-07
9.43527904092e-10	-1.85366843652e-07
9.57401745007e-10	1.90347236639e-07
9.71275585922e-10	4.63682226837e-07
9.85149426838e-10	6.06551566307e-07
9.99023267753e-10	6.35765445622e-07
1.01289710867e-09	5.8320347307e-07
1.02677094958e-09	4.68829966849e-07
1.0406447905e-09	2.93156517728e-07
1.05451863141e-09	5.07798176841e-08
1.06839247233e-09	-2.45982391789e-07
1.08226631324e-09	-5.51519349301e-07
1.09614015416e-09	-7.916710274e-07
1.11001399508e-09	-8.8759315986e-07
1.12388783599e-09	-7.89121259004e-07
1.13776167691e-09	-5.0089238357e-07
1.15163551782e-09	-8.44602254801e-08
1.16550935874e-09	3.58194938599e-07
1.17938319965e-09	7.18499109098e-07
1.19325704057e-09	9.13679059522e-07
1.20713088148e-09	9.070181477e-07
1.2210047224e-09	7.11732809577e-07
1.23487856331e-09	3.78746790375e-07
1.24875240423e-09	-1.77324182005e-08
1.26262624514e-09	-3.9832980292e-07
1.27650008606e-09	-6.89743785642e-07
1.29037392697e-09	-8.35692048895e-07
1.30424776789e-09	-8.06471234682e-07
1.3181216088e-09	-6.07042693446e-07
1.33199544972e-09	-2.81583140804e-07
1.34586929063e-09	9.3536669965e-08
1.35974313155e-09	4.25854977948e-07
1.37361697247e-09	6.34543766864e-07
1.38749081338e-09	6.75365868119e-07
1.4013646543e-09	5.55299379812e-07
1.41523849521e-09	3.28834289576e-07
1.42911233613e-09	7.46249497752e-08
1.44298617704e-09	-1.35105437948e-07
1.45686001796e-09	-2.59462922259e-07
1.47073385887e-09	-2.98089389617e-07
1.48460769979e-09	-2.80883512005e-07
1.4984815407e-09	-2.45549927058e-07
1.51235538162e-09	-2.15016825678e-07
1.52622922253e-09	-1.88326794159e-07
1.54010306345e-09	-1.4716079022e-07
1.55397690436e-09	-7.23698576621e-08
1.56785074528e-09	3.78140612156e-08
1.58172458619e-09	1.61521370501e-07
1.59559842711e-09	2.60328647528e-07
1.60947226803e-09	2.97653286907e-07
1.62334610894e-09	2.57307192442e-07
1.63721994986e-09	1.51750100486e-07
1.65109379077e-09	1.81676114153e-08
1.66496763169e-09	-9.93618414213e-08
1.6788414726e-09	-1.67698914311e-07
1.69271531352e-09	-1.7702001287e-07
1.70658915443e-09	-1.41070927384e-07
1.72046299535e-09	-8.5945544015e-08
1.73433683626e-09	-3.58242573384e-08
1.74821067718e-09	-2.40352004965e-09
1.76208451809e-09	1.73269114612e-08
1.77595835901e-09	3.31069145432e-08
1.78983219992e-09	5.25781729266e-08
1.80370604084e-09	7.39488541512e-08
1.81757988175e-09	8.64537241796e-08
1.83145372267e-09	7.76384467827e-08
1.84532756358e-09	4.18339141106e-08
1.8592014045e-09	-1.40389602166e-08
1.87307524542e-09	-7.28656743831e-08
1.88694908633e-09	-1.14392037176e-07
1.90082292725e-09	-1.24416374092e-07
1.91469676816e-09	-1.00748593468e-07
1.92857060908e-09	-5.26831627212e-08
1.94244444999e-09	4.27394297731e-09
1.95631829091e-09	5.53952759219e-08
1.97019213182e-09	9.18343658896e-08
1.98406597274e-09	1.10638609385e-07
1.99793981365e-09	1.12742668534e-07
2.01181365457e-09	9.84764483292e-08
2.02568749548e-09	6.71067255098e-08
2.0395613364e-09	1.85196995517e-08
2.05343517731e-09	-4.30112550021e-08
2.06730901823e-09	-1.06176912595e-07
2.08118285914e-09	-1.53896820621e-07
2.09505670006e-09	-1.6883183207e-07
2.10893054097e-09	-1.41266355058e-07
2.12280438189e-09	-7.44672661313e-08
2.13667822281e-09	1.39771145768e-08
2.15055206372e-09	9.84234134194e-08
2.16442590464e-09	1.54248880335e-07
2.17829974555e-09	1.6702801986e-07
2.19217358647e-09	1.37589822202e-07
2.20604742738e-09	7.99431703058e-08
2.2199212683e-09	1.48780330278e-08
2.23379510921e-09	-3.93131500687e-08
2.24766895013e-09	-7.27006295165e-08
2.26154279104e-09	-8.52401882412e-08
2.27541663196e-09	-8.37828579847e-08
2.28929047287e-09	-7.57702025567e-08
2.30316431379e-09	-6.54944187772e-08
2.3170381547e-09	-5.2185896493e-08
2.33091199562e-09	-3.26758708979e-08
2.34478583653e-09	-4.84749307361e-09
2.35865967745e-09	2.89654167318e-08
2.37253351837e-09	6.19908746557e-08
2.38640735928e-09	8.51771062571e-08
2.4002812002e-09	9.12713176149e-08
2.41415504111e-09	7.80873392614e-08
2.42802888203e-09	4.95168137604e-08
2.44190272294e-09	1.40686324812e-08
2.45577656386e-09	-1.91005540273e-08
2.46965040477e-09	-4.30203357382e-08
2.48352424569e-09	-5.51957271e-08
2.4973980866e-09	-5.68658435895e-08
2.51127192752e-09	-5.11483051469e-08
2.52514576843e-09	-4.09664266954e-08
2.53901960935e-09	-2.79261769265e-08
2.55289345026e-09	-1.26250370158e-08
2.56676729118e-09	4.15599288317e-09
2.58064113209e-09	2.05389483199e-08
2.59451497301e-09	3.35449499289e-08
2.60838881392e-09	4.02033961677e-08
2.62226265484e-09	3.9133972507e-08
2.63613649576e-09	3.13608268243e-08
2.65001033667e-09	1.99437266701e-08
2.66388417759e-09	8.53566461956e-09
2.6777580185e-09	-2.26094698519e-10
2.69163185942e-09	-5.819430271e-09
2.70550570033e-09	-9.45581746237e-09
2.71937954125e-09	-1.30969795009e-08
2.73325338216e-09	-1.74754859472e-08
2.74712722308e-09	-2.16180993107e-08
2.76100106399e-09	-2.31639916137e-08
2.77487490491e-09	-1.9714462951e-08
2.78874874582e-09	-1.07054347609e-08
2.80262258674e-09	1.8679884306e-09
2.81649642765e-09	1.39328335536e-08
2.83037026857e-09	2.11132942241e-08
2.84424410948e-09	2.08883648156e-08
2.8581179504e-09	1.40415465921e-08
2.87199179131e-09	4.44676651057e-09
2.88586563223e-09	-2.8013573683e-09
2.89973947315e-09	-3.67793973055e-09
2.91361331406e-09	2.43596787186e-09
2.92748715498e-09	1.25500605463e-08
2.94136099589e-09	2.12663451293e-08
2.95523483681e-09	2.35759216594e-08
2.96910867772e-09	1.70652825204e-08
2.98298251864e-09	3.11678860498e-09
2.99685635955e-09	-1.36778766091e-08
3.01073020047e-09	-2.77974265828e-08
3.02460404138e-09	-3.48391040461e-08
3.0384778823e-09	-3.32372565026e-08
3.05235172321e-09	-2.4480925731e-08
3.06622556413e-09	-1.1784408116e-08
3.08009940504e-09	1.39735334415e-09
3.09397324596e-09	1.28158461621e-08
3.10784708687e-09	2.17372786437e-08
3.12172092779e-09	2.8428885912e-08
3.13559476871e-09	3.31019975874e-08
3.14946860962e-09	3.52616922328e-08
3.16334245054e-09	3.36850973781e-08
3.17721629145e-09	2.71220415016e-08
3.19109013237e-09	1.53691246396e-08
3.20496397328e-09	-2.43801423494e-10
3.2188378142e-09	-1.67638063431e-08
3.23271165511e-09	-3.07014929035e-08
3.24658549603e-09	-3.9123264628e-08
3.26045933694e-09	-4.05683238114e-08
3.27433317786e-09	-3.53799691766e-08
3.28820701877e-09	-2.50654466072e-08
3.30208085969e-09	-1.16683622764e-08
3.3159547006e-09	3.02506464323e-09
3.32982854152e-09	1.75118088919e-08
3.34370238243e-09	3.05958849367e-08
3.35757622335e-09	4.08053963952e-08
3.37145006426e-09	4.64198564032e-08
3.38532390518e-09	4.58812081661e-08
3.3991977461e-09	3.84428915368e-08
3.41307158701e-09	2.47846969614e-08
3.42694542793e-09	7.10585368324e-09
3.44081926884e-09	-1.1203781014e-08
3.45469310976e-09	-2.67423274636e-08
3.46856695067e-09	-3.69342387785e-08
3.48244079159e-09	-4.07832878579e-08
3.4963146325e-09	-3.86866645385e-08
3.51018847342e-09	-3.19782031966e-08
3.52406231433e-09	-2.21094751396e-08
3.53793615525e-09	-1.01657064988e-08
3.55180999616e-09	3.23936433233e-09
3.56568383708e-09	1.74452168267e-08
3.57955767799e-09	3.12221715149e-08
3.59343151891e-09	4.25956798722e-08
3.60730535982e-09	4.91815654868e-08
3.62117920074e-09	4.89980322982e-08
3.63505304166e-09	4.12277074702e-08
3.64892688257e-09	2.69172346634e-08
3.66280072349e-09	8.68698180057e-09
3.6766745644e-09	-9.96303128886e-09
3.69054840532e-09	-2.57817021065e-08
3.70442224623e-09	-3.65677124137e-08
3.71829608715e-09	-4.14558058992e-08
3.73216992806e-09	-4.0776512833e-08
3.74604376898e-09	-3.53495437366e-08
3.75991760989e-09	-2.61583465999e-08
3.77379145081e-09	-1.3930247178e-08
3.78766529172e-09	4.72937244922e-10
3.80153913264e-09	1.59096771313e-08
3.81541297355e-09	3.06462482058e-08
3.82928681447e-09	4.25425525918e-08
3.84316065538e-09	4.95005956225e-08
3.8570344963e-09	5.00897670008e-08
3.87090833721e-09	4.40351186626e-08
3.88478217813e-09	3.2247243098e-08
3.89865601905e-09	1.66888014519e-08
3.91252985996e-09	-3.38360450769e-10
3.92640370088e-09	-1.65610742897e-08
3.94027754179e-09	-3.02288896137e-08
3.95415138271e-09	-4.00418400659e-08
3.96802522362e-09	-4.5101543833e-08
3.98189906454e-09	-4.47077610488e-08
3.99577290545e-09	-3.84782481433e-08
4.00964674637e-09	-2.66286406259e-08
4.02352058728e-09	-1.01318278212e-08
4.0373944282e-09	9.02517172108e-09
4.05126826911e-09	2.8178874345e-08
4.06514211003e-09	4.43811245532e-08
4.07901595094e-09	5.50745227201e-08
4.09288979186e-09	5.86884425502e-08
4.10676363277e-09	5.48477743223e-08
4.12063747369e-09	4.4241659225e-08
4.1345113146e-09	2.84708789877e-08
4.14838515552e-09	9.5246264209e-09
4.16225899644e-09	-1.03886463876e-08
4.17613283735e-09	-2.90408479486e-08
4.19000667827e-09	-4.42168328618e-08
4.20388051918e-09	-5.38818625273e-08
4.2177543601e-09	-5.64284334814e-08
4.23162820101e-09	-5.10503923579e-08
4.24550204193e-09	-3.805405413e-08
4.25937588284e-09	-1.89417050933e-08
4.27324972376e-09	3.63820618077e-09
4.28712356467e-09	2.64883226464e-08
4.30099740559e-09	4.63237768145e-08
4.3148712465e-09	6.04821224215e-08
4.32874508742e-09	6.71954794029e-08
4.34261892833e-09	6.57749126276e-08
4.35649276925e-09	5.65437119349e-08
4.37036661016e-09	4.05721038987e-08
4.38424045108e-09	1.96600922209e-08
4.398114292e-09	-3.91258936361e-09
4.41198813291e-09	-2.73080615898e-08
4.42586197383e-09	-4.75235992781e-08
4.43973581474e-09	-6.16662276798e-08
4.45360965566e-09	-6.73906654924e-08
4.46748349657e-09	-6.35321839582e-08
4.48135733749e-09	-5.03325168211e-08
4.4952311784e-09	-2.95086124424e-08
4.50910501932e-09	-4.00041244575e-09
4.52297886023e-09	2.26391421165e-08
4.53685270115e-09	4.6769656592e-08
4.55072654206e-09	6.52728431305e-08
4.56460038298e-09	7.58726912409e-08
4.57847422389e-09	7.73440689272e-08
4.59234806481e-09	6.95227981851e-08
4.60622190572e-09	5.32911599294e-08
4.62009574664e-09	3.04176523969e-08
4.63396958755e-09	3.5897755879e-09
4.64784342847e-09	-2.3929942472e-08
4.66171726939e-09	-4.85588600441e-08
4.6755911103e-09	-6.69088819905e-08
4.68946495122e-09	-7.62731815485e-08
4.70333879213e-09	-7.51554978251e-08
4.71721263305e-09	-6.34765342511e-08
4.73108647396e-09	-4.2689748625e-08
4.74496031488e-09	-1.54929580276e-08
4.75883415579e-09	1.45606691149e-08
4.77270799671e-09	4.35026095147e-08
4.78658183762e-09	6.76363356433e-08
4.80045567854e-09	8.37676026322e-08
4.81432951945e-09	8.97289140767e-08
4.82820336037e-09	8.45768113322e-08
4.84207720128e-09	6.8784800078e-08
4.8559510422e-09	4.42149712399e-08
4.86982488311e-09	1.3951762412e-08
4.88369872403e-09	-1.81150312528e-08
4.89757256495e-09	-4.77214143757e-08
4.91144640586e-09	-7.09505627583e-08
4.92532024678e-09	-8.47157650696e-08
4.93919408769e-09	-8.7145522798e-08
4.95306792861e-09	-7.79019728725e-08
4.96694176952e-09	-5.80287746743e-08
4.98081561044e-09	-2.99406792692e-08
4.99468945135e-09	2.9701254789e-09
5.00856329227e-09	3.66571271115e-08
5.02243713318e-09	6.68474342547e-08
5.0363109741e-09	8.95668250678e-08
5.05018481501e-09	1.0160264452e-07
5.06405865593e-09	1.01028035715e-07
5.07793249684e-09	8.75648424881e-08
5.09180633776e-09	6.2633489506e-08
5.10568017867e-09	2.93784410133e-08
5.11955401959e-09	-7.79675701779e-09
5.1334278605e-09	-4.39389964413e-08
5.14730170142e-09	-7.413854064e-08
5.16117554234e-09	-9.43806242049e-08
5.17504938325e-09	-1.01937118302e-07
5.18892322417e-09	-9.58053760769e-08
5.20279706508e-09	-7.6745664046e-08
5.216670906e-09	-4.70867007607e-08
5.23054474691e-09	-1.04484456642e-08
5.24441858783e-09	2.85848500425e-08
5.25829242874e-09	6.5162168994e-08
5.27216626966e-09	9.45349256654e-08
5.28604011057e-09	1.12732962521e-07
5.29991395149e-09	1.17150477763e-07
5.3137877924e-09	1.06855452486e-07
5.32766163332e-09	8.28597990221e-08
5.34153547423e-09	4.80303015138e-08
5.35540931515e-09	6.7461769504e-09
5.36928315606e-09	-3.56566260962e-08
5.38315699698e-09	-7.3594890182e-08
5.39703083789e-09	-1.0195620348e-07
5.41090467881e-09	-1.1686478274e-07
5.42477851973e-09	-1.16132241601e-07
5.43865236064e-09	-9.95959794636e-08
5.45252620156e-09	-6.91866262059e-08
5.46640004247e-09	-2.8653175832e-08
5.48027388339e-09	1.67793814398e-08
5.4941477243e-09	6.12089934293e-08
5.50802156522e-09	9.88244437394e-08
5.52189540613e-09	1.24544399682e-07
5.53576924705e-09	1.34889631909e-07
5.54964308796e-09	1.28293720536e-07
5.56351692888e-09	1.05469325717e-07
5.57739076979e-09	6.91745754011e-08
5.59126461071e-09	2.39039081862e-08
5.60513845162e-09	-2.46532181336e-08
5.61901229254e-09	-7.02837610334e-08
5.63288613345e-09	-1.07082257728e-07
5.64675997437e-09	-1.30104012896e-07
5.66063381529e-09	-1.36078085688e-07
5.6745076562e-09	-1.23896711557e-07
5.68838149712e-09	-9.46218960962e-08
5.70225533803e-09	-5.18028855367e-08
5.71612917895e-09	-7.96717358753e-10
5.73000301986e-09	5.18163005836e-08
5.74387686078e-09	9.90478383756e-08
5.75775070169e-09	1.3451472114e-07
5.77162454261e-09	1.53317628815e-07
5.78549838352e-09	1.52785844421e-07
5.79937222444e-09	1.32710226808e-07
5.81324606535e-09	9.55693622018e-08
5.82711990627e-09	4.59968987343e-08
5.84099374718e-09	-9.67497726378e-09
5.8548675881e-09	-6.43350404061e-08
5.86874142901e-09	-1.10892756311e-07
5.88261526993e-09	-1.43179960332e-07
5.89648911084e-09	-1.56878655844e-07
5.91036295176e-09	-1.49823051743e-07
5.92423679268e-09	-1.22608184938e-07
5.93811063359e-09	-7.84223175287e-08
5.95198447451e-09	-2.26710881179e-08
5.96585831542e-09	3.75689523935e-08
5.97973215634e-09	9.45376541495e-08
5.99360599725e-09	1.40713154906e-07
6.00747983817e-09	1.69852043541e-07
6.02135367908e-09	1.77794817091e-07
6.03522752e-09	1.63145273291e-07
6.04910136091e-09	1.27394059746e-07
6.06297520183e-09	7.48730144551e-08
6.07684904274e-09	1.21527818919e-08
6.09072288366e-09	-5.25762970938e-08
6.10459672457e-09	-1.10925725494e-07
6.11847056549e-09	-1.55080101649e-07
6.1323444064e-09	-1.78996941713e-07
6.14621824732e-09	-1.79261860467e-07
6.16009208823e-09	-1.55516090672e-07
6.17396592915e-09	-1.10529640551e-07
6.18783977007e-09	-4.98631607115e-08
6.20171361098e-09	1.86998931895e-08
6.2155874519e-09	8.63892637426e-08
6.22946129281e-09	1.44452314998e-07
6.24333513373e-09	1.85208648418e-07
6.25720897464e-09	2.03080645633e-07
6.27108281556e-09	1.95435859496e-07
6.28495665647e-09	1.62737137543e-07
6.29883049739e-09	1.08792505671e-07
6.3127043383e-09	4.02557134294e-08
6.32657817922e-09	-3.42389512298e-08
6.34045202013e-09	-1.05036065179e-07
6.35432586105e-09	-1.62775961599e-07
6.36819970196e-09	-1.9956144115e-07
6.38207354288e-09	-2.1024541752e-07
6.39594738379e-09	-1.92944980881e-07
