% time-domain voltage integration by openEMS v0.0.36-145-g8ee535b @Thu Apr  2 14:33:43 2026
% start-coordinates: (-0.000152542,0.009,0) m -> [30,60,1]
% stop-coordinates: (-0.000152542,0.009,0.000508) m -> [30,60,2]
% t/s	voltage
0	-0
1.38738409153e-11	-0
2.77476818305e-11	-0
4.16215227458e-11	-1.59034710716e-16
5.54953636611e-11	-4.66320523862e-11
6.93692045764e-11	-3.21523998537e-08
8.32430454916e-11	-1.03890258174e-07
9.71168864069e-11	-4.47723813579e-08
1.10990727322e-10	1.00749602439e-07
1.24864568237e-10	3.6908460288e-07
1.38738409153e-10	8.04880357919e-07
1.52612250068e-10	1.28851320369e-06
1.66486090983e-10	1.65443054811e-06
1.80359931899e-10	1.34467632051e-06
1.94233772814e-10	-2.79530354419e-07
2.08107613729e-10	-3.63294384442e-06
2.21981454644e-10	-8.45464091981e-06
2.3585529556e-10	-1.36133703563e-05
2.49729136475e-10	-1.64871198649e-05
2.6360297739e-10	-1.36590397233e-05
2.77476818305e-10	-2.17336037167e-06
2.91350659221e-10	1.86565339391e-05
3.05224500136e-10	4.51037631137e-05
3.19098341051e-10	6.87080028001e-05
3.32972181967e-10	7.77797831688e-05
3.46846022882e-10	6.17267651251e-05
3.60719863797e-10	1.6533616872e-05
3.74593704712e-10	-5.06200776726e-05
3.88467545628e-10	-0.000120531898574
4.02341386543e-10	-0.000166916797752
4.16215227458e-10	-0.000165752833709
4.30089068374e-10	-0.000106274987047
4.43962909289e-10	1.76184403244e-06
4.57836750204e-10	0.000128675048472
4.71710591119e-10	0.000233424638282
4.85584432035e-10	0.000277373444987
4.9945827295e-10	0.000237973814365
5.13332113865e-10	0.000116091236123
5.2720595478e-10	-6.45169930067e-05
5.41079795696e-10	-0.00026482224348
5.54953636611e-10	-0.000440374977188
5.68827477526e-10	-0.000549995340407
5.82701318442e-10	-0.000561415741686
5.96575159357e-10	-0.000455327215604
6.10449000272e-10	-0.000230563106015
6.24322841187e-10	9.0053450549e-05
6.38196682103e-10	0.000455464731203
6.52070523018e-10	0.000788965844549
6.65944363933e-10	0.0010022430215
6.79818204848e-10	0.00102001812775
6.93692045764e-10	0.000808620708995
7.07565886679e-10	0.00039652956184
7.21439727594e-10	-0.00012379072723
7.3531356851e-10	-0.000618257327005
7.49187409425e-10	-0.000952101545408
7.6306125034e-10	-0.00103525037412
7.76935091255e-10	-0.000854440499097
7.90808932171e-10	-0.000477887690067
8.04682773086e-10	-3.00967949443e-05
8.18556614001e-10	0.000353587092832
8.32430454916e-10	0.000574040575884
8.46304295832e-10	0.00059786089696
8.60178136747e-10	0.000459083210444
8.74051977662e-10	0.000234832594288
8.87925818578e-10	8.93660762813e-06
9.01799659493e-10	-0.000159687391715
9.15673500408e-10	-0.000250333396252
9.29547341323e-10	-0.000273398240097
9.43421182239e-10	-0.000250897021033
9.57295023154e-10	-0.000197886009119
9.71168864069e-10	-0.000115733826533
9.85042704984e-10	2.00816430151e-07
9.989165459e-10	0.000145428217365
1.01279038682e-09	0.000295022560749
1.02666422773e-09	0.000405206839787
1.04053806865e-09	0.000429486652138
1.05441190956e-09	0.000341391831171
1.06828575048e-09	0.000152140535647
1.08215959139e-09	-8.76114063431e-05
1.09603343231e-09	-0.000304330431391
1.10990727322e-09	-0.00042969675269
1.12378111414e-09	-0.000427545426646
1.13765495505e-09	-0.000307301495923
1.15152879597e-09	-0.000118324933283
1.16540263688e-09	7.16924914741e-05
1.1792764778e-09	0.000203794479603
1.19315031871e-09	0.000248493743129
1.20702415963e-09	0.000212202168768
1.22089800054e-09	0.000128412837512
1.23477184146e-09	3.95231472794e-05
1.24864568237e-09	-2.15378022403e-05
1.26251952329e-09	-4.225037992e-05
1.27639336421e-09	-3.06515830744e-05
1.29026720512e-09	-6.87827559887e-06
1.30414104604e-09	8.7473745225e-06
1.31801488695e-09	5.04717900185e-06
1.33188872787e-09	-1.66839599842e-05
1.34576256878e-09	-4.56086017948e-05
1.3596364097e-09	-6.78524374962e-05
1.37351025061e-09	-7.26528523955e-05
1.38738409153e-09	-5.57935418328e-05
1.40125793244e-09	-1.96825440071e-05
1.41513177336e-09	2.86060021608e-05
1.42900561427e-09	7.95189844212e-05
1.44287945519e-09	0.000122495199321
1.4567532961e-09	0.000147022205056
1.47062713702e-09	0.00014439986262
1.48450097793e-09	0.000110436885734
1.49837481885e-09	4.84865449835e-05
1.51224865976e-09	-2.92360055028e-05
1.52612250068e-09	-0.000103773825685
1.5399963416e-09	-0.000155064553837
1.55387018251e-09	-0.000169095175806
1.56774402343e-09	-0.000143267068779
1.58161786434e-09	-8.72837845236e-05
1.59549170526e-09	-1.90319151443e-05
1.60936554617e-09	4.26504047937e-05
1.62323938709e-09	8.46673574415e-05
1.637113228e-09	0.000102959951619
1.65098706892e-09	0.000101262834505
1.66486090983e-09	8.67345879669e-05
1.67873475075e-09	6.54531322652e-05
1.69260859166e-09	4.01788420277e-05
1.70648243258e-09	1.1377298506e-05
1.72035627349e-09	-1.98776906473e-05
1.73423011441e-09	-4.93430889037e-05
1.74810395532e-09	-6.95022754371e-05
1.76197779624e-09	-7.23405537428e-05
1.77585163716e-09	-5.3697549447e-05
1.78972547807e-09	-1.66713834915e-05
1.80359931899e-09	2.79805171886e-05
1.8174731599e-09	6.52706803521e-05
1.83134700082e-09	8.17623731564e-05
1.84522084173e-09	7.12243199814e-05
1.85909468265e-09	3.74211231247e-05
1.87296852356e-09	-7.34695640858e-06
1.88684236448e-09	-4.72883803013e-05
1.90071620539e-09	-6.94166956237e-05
1.91459004631e-09	-6.83392281644e-05
1.92846388722e-09	-4.74683256471e-05
1.94233772814e-09	-1.64417142514e-05
1.95621156905e-09	1.36149028549e-05
1.97008540997e-09	3.46168453689e-05
1.98395925088e-09	4.37640264863e-05
1.9978330918e-09	4.29357169196e-05
2.01170693271e-09	3.61321872333e-05
2.02558077363e-09	2.67069044639e-05
2.03945461455e-09	1.60635827342e-05
2.05332845546e-09	4.14183159592e-06
2.06720229638e-09	-8.92564276e-06
2.08107613729e-09	-2.14459432755e-05
2.09494997821e-09	-3.02103944705e-05
2.10882381912e-09	-3.19742975989e-05
2.12269766004e-09	-2.55009654211e-05
2.13657150095e-09	-1.27265157062e-05
2.15044534187e-09	1.79195922101e-06
2.16431918278e-09	1.29893669509e-05
2.1781930237e-09	1.77733672899e-05
2.19206686461e-09	1.65012170328e-05
2.20594070553e-09	1.24732687254e-05
2.21981454644e-09	9.83096833806e-06
2.23368838736e-09	1.09946922748e-05
2.24756222827e-09	1.5167890524e-05
2.26143606919e-09	1.87288242159e-05
2.2753099101e-09	1.73202934093e-05
2.28918375102e-09	8.45507747727e-06
2.30305759194e-09	-6.78620563122e-06
2.31693143285e-09	-2.39106811932e-05
2.33080527377e-09	-3.68847177015e-05
2.34467911468e-09	-4.08276027883e-05
2.3585529556e-09	-3.4137377952e-05
2.37242679651e-09	-1.90726277651e-05
2.38630063743e-09	-6.27434928901e-07
2.40017447834e-09	1.57308604685e-05
2.41404831926e-09	2.62002358795e-05
2.42792216017e-09	2.97880469589e-05
2.44179600109e-09	2.79599844362e-05
2.455669842e-09	2.32535385294e-05
2.46954368292e-09	1.76544053829e-05
2.48341752383e-09	1.1727133824e-05
2.49729136475e-09	4.82889299747e-06
2.51116520566e-09	-3.77149990527e-06
2.52503904658e-09	-1.36959934025e-05
2.5389128875e-09	-2.29850920732e-05
2.55278672841e-09	-2.87208531518e-05
2.56666056933e-09	-2.84406123683e-05
2.58053441024e-09	-2.15425388888e-05
2.59440825116e-09	-9.86023951555e-06
2.60828209207e-09	2.96843791148e-06
2.62215593299e-09	1.30285770865e-05
2.6360297739e-09	1.77546899067e-05
2.64990361482e-09	1.684982999e-05
2.66377745573e-09	1.20909826364e-05
2.67765129665e-09	6.19065394858e-06
2.69152513756e-09	1.45649391925e-06
2.70539897848e-09	-1.11082772491e-06
2.71927281939e-09	-1.88768899534e-06
2.73314666031e-09	-1.98560883291e-06
2.74702050122e-09	-2.40409281105e-06
2.76089434214e-09	-3.46270098817e-06
2.77476818305e-09	-4.80153539684e-06
2.78864202397e-09	-5.79839252168e-06
2.80251586489e-09	-6.10516144661e-06
2.8163897058e-09	-5.8649602579e-06
2.83026354672e-09	-5.55828592042e-06
2.84413738763e-09	-5.55252336198e-06
2.85801122855e-09	-5.7435099734e-06
2.87188506946e-09	-5.49236574443e-06
2.88575891038e-09	-3.99646523874e-06
2.89963275129e-09	-8.44745954964e-07
2.91350659221e-09	3.56643431587e-06
2.92738043312e-09	8.01872374723e-06
2.94125427404e-09	1.09413595055e-05
2.95512811495e-09	1.11168628791e-05
2.96900195587e-09	8.28232441563e-06
2.98287579678e-09	3.26779991155e-06
2.9967496377e-09	-2.37139465753e-06
3.01062347861e-09	-7.08821607986e-06
3.02449731953e-09	-9.99174517347e-06
3.03837116045e-09	-1.11399494926e-05
3.05224500136e-09	-1.12696216092e-05
3.06611884228e-09	-1.12008856377e-05
3.07999268319e-09	-1.12277994049e-05
3.09386652411e-09	-1.08956446638e-05
3.10774036502e-09	-9.28492954699e-06
3.12161420594e-09	-5.64887159271e-06
3.13548804685e-09	-5.18193701282e-08
3.14936188777e-09	6.42203667667e-06
3.16323572868e-09	1.19833784993e-05
3.1771095696e-09	1.48870676639e-05
3.19098341051e-09	1.420659828e-05
3.20485725143e-09	1.02309204522e-05
3.21873109234e-09	4.2875908548e-06
3.23260493326e-09	-1.90048012882e-06
3.24647877417e-09	-6.97344512446e-06
3.26035261509e-09	-1.04143546196e-05
3.274226456e-09	-1.25219085021e-05
3.28810029692e-09	-1.39515250339e-05
3.30197413784e-09	-1.51165877469e-05
3.31584797875e-09	-1.58121183631e-05
3.32972181967e-09	-1.52711218107e-05
3.34359566058e-09	-1.2623884686e-05
3.3574695015e-09	-7.48345337342e-06
3.37134334241e-09	-3.44014551956e-07
3.38521718333e-09	7.42031261325e-06
3.39909102424e-09	1.39796902658e-05
3.41296486516e-09	1.76859903149e-05
3.42683870607e-09	1.76290268428e-05
3.44071254699e-09	1.38927498483e-05
3.4545863879e-09	7.43575947126e-06
3.46846022882e-09	-3.13142663799e-07
3.48233406973e-09	-7.91146885604e-06
3.49620791065e-09	-1.42477292684e-05
3.51008175156e-09	-1.86582947208e-05
3.52395559248e-09	-2.0856707124e-05
3.53782943339e-09	-2.07886077987e-05
3.55170327431e-09	-1.85456374311e-05
3.56557711523e-09	-1.43713295984e-05
3.57945095614e-09	-8.73332464835e-06
3.59332479706e-09	-2.35628613154e-06
3.60719863797e-09	3.85024759453e-06
3.62107247889e-09	8.98728467291e-06
3.6349463198e-09	1.23865247588e-05
3.64882016072e-09	1.37499591801e-05
3.66269400163e-09	1.31391134346e-05
3.67656784255e-09	1.0829862731e-05
3.69044168346e-09	7.12229666533e-06
3.70431552438e-09	2.25292751566e-06
3.71818936529e-09	-3.5500706872e-06
3.73206320621e-09	-9.89864201983e-06
3.74593704712e-09	-1.6089201381e-05
3.75981088804e-09	-2.11091282836e-05
3.77368472895e-09	-2.38483407884e-05
3.78755856987e-09	-2.34703584283e-05
3.80143241079e-09	-1.97564659175e-05
3.8153062517e-09	-1.32817185658e-05
3.82918009262e-09	-5.28515738552e-06
3.84305393353e-09	2.69240626949e-06
3.85692777445e-09	9.26776920096e-06
3.87080161536e-09	1.35659829539e-05
3.88467545628e-09	1.53443470481e-05
3.89854929719e-09	1.48523940879e-05
3.91242313811e-09	1.25570004457e-05
3.92629697902e-09	8.878094377e-06
3.94017081994e-09	4.07244078815e-06
3.95404466085e-09	-1.69288978213e-06
3.96791850177e-09	-8.15127714304e-06
3.98179234268e-09	-1.47499231389e-05
3.9956661836e-09	-2.06175027415e-05
4.00954002451e-09	-2.46936269832e-05
4.02341386543e-09	-2.60266897385e-05
4.03728770634e-09	-2.40799236053e-05
4.05116154726e-09	-1.89439651876e-05
4.06503538818e-09	-1.13498444989e-05
4.07890922909e-09	-2.5085391826e-06
4.09278307001e-09	6.17974001216e-06
4.10665691092e-09	1.3413013221e-05
4.12053075184e-09	1.82084222615e-05
4.13440459275e-09	2.00010108529e-05
4.14827843367e-09	1.86518918781e-05
4.16215227458e-09	1.44077712321e-05
4.1760261155e-09	7.83859286457e-06
4.18989995641e-09	-2.20956280828e-07
4.20377379733e-09	-8.75490513863e-06
4.21764763824e-09	-1.66824684129e-05
4.23152147916e-09	-2.30051446124e-05
4.24539532007e-09	-2.69521697192e-05
4.25926916099e-09	-2.80817312159e-05
4.2731430019e-09	-2.63090933004e-05
4.28701684282e-09	-2.18660497922e-05
4.30089068374e-09	-1.52257916852e-05
4.31476452465e-09	-7.04151352693e-06
4.32863836557e-09	1.86993383977e-06
4.34251220648e-09	1.05379003799e-05
4.3563860474e-09	1.78557693289e-05
4.37025988831e-09	2.26946467592e-05
4.38413372923e-09	2.40896297328e-05
4.39800757014e-09	2.14989922824e-05
4.41188141106e-09	1.5010649804e-05
4.42575525197e-09	5.43862552149e-06
4.43962909289e-09	-5.78499748372e-06
4.4535029338e-09	-1.68831138581e-05
4.46737677472e-09	-2.61105360551e-05
4.48125061563e-09	-3.21140687447e-05
4.49512445655e-09	-3.41598388331e-05
4.50899829746e-09	-3.21916741086e-05
4.52287213838e-09	-2.67212526524e-05
4.53674597929e-09	-1.8633714717e-05
4.55061982021e-09	-8.98027064977e-06
4.56449366113e-09	1.14913018479e-06
4.57836750204e-09	1.07004980237e-05
4.59224134296e-09	1.86652669072e-05
4.60611518387e-09	2.41156485572e-05
4.61998902479e-09	2.62733447016e-05
4.6338628657e-09	2.46452163992e-05
4.64773670662e-09	1.91685030586e-05
4.66161054753e-09	1.03177371784e-05
4.67548438845e-09	-8.84359906195e-07
4.68935822936e-09	-1.29792570078e-05
4.70323207028e-09	-2.428271182e-05
4.71710591119e-09	-3.31613919116e-05
4.73097975211e-09	-3.82959551644e-05
4.74485359302e-09	-3.88915359508e-05
4.75872743394e-09	-3.47985042026e-05
4.77260127485e-09	-2.65320031758e-05
4.78647511577e-09	-1.51964850374e-05
4.80034895668e-09	-2.33175251196e-06
4.8142227976e-09	1.03110141936e-05
4.82809663852e-09	2.10140606214e-05
4.84197047943e-09	2.83500357909e-05
4.85584432035e-09	3.13772688969e-05
4.86971816126e-09	2.97600799968e-05
4.88359200218e-09	2.3776996386e-05
4.89746584309e-09	1.42405442602e-05
4.91133968401e-09	2.34731851378e-06
4.92521352492e-09	-1.04849041236e-05
4.93908736584e-09	-2.27655564231e-05
4.95296120675e-09	-3.30638868036e-05
4.96683504767e-09	-4.01119941671e-05
4.98070888858e-09	-4.29264400736e-05
4.9945827295e-09	-4.09393142036e-05
5.00845657041e-09	-3.41310878866e-05
5.02233041133e-09	-2.31306239584e-05
5.03620425224e-09	-9.21606624615e-06
5.05007809316e-09	5.79537845624e-06
5.06395193408e-09	1.97990975721e-05
5.07782577499e-09	3.07404770865e-05
5.09169961591e-09	3.69712288375e-05
5.10557345682e-09	3.75401723431e-05
5.11944729774e-09	3.2350053516e-05
5.13332113865e-09	2.21490136028e-05
5.14719497957e-09	8.37820425659e-06
5.16106882048e-09	-7.08667494109e-06
5.1749426614e-09	-2.22215930989e-05
5.18881650231e-09	-3.51244016201e-05
5.20269034323e-09	-4.42262862634e-05
5.21656418414e-09	-4.84322517877e-05
5.23043802506e-09	-4.72246902063e-05
5.24431186597e-09	-4.06912295148e-05
5.25818570689e-09	-2.95344470942e-05
5.2720595478e-09	-1.50147025124e-05
5.28593338872e-09	1.15357033792e-06
5.29980722963e-09	1.69812392414e-05
5.31368107055e-09	3.04226232402e-05
5.32755491147e-09	3.96456671297e-05
5.34142875238e-09	4.32780288975e-05
5.3553025933e-09	4.06358158216e-05
5.36917643421e-09	3.18511083606e-05
5.38305027513e-09	1.79146099981e-05
5.39692411604e-09	5.71124132875e-07
5.41079795696e-09	-1.78878708539e-05
5.42467179787e-09	-3.49456568074e-05
5.43854563879e-09	-4.82209579786e-05
5.4524194797e-09	-5.58358187845e-05
5.46629332062e-09	-5.66989256185e-05
5.48016716153e-09	-5.06722208229e-05
5.49404100245e-09	-3.85666025977e-05
5.50791484336e-09	-2.20152651309e-05
5.52178868428e-09	-3.20158505929e-06
5.53566252519e-09	1.54521876539e-05
5.54953636611e-09	3.15968500217e-05
5.56341020703e-09	4.32332817581e-05
5.57728404794e-09	4.89179547003e-05
5.59115788886e-09	4.78982401546e-05
5.60503172977e-09	4.01836368837e-05
5.61890557069e-09	2.65645285253e-05
5.6327794116e-09	8.56191491039e-06
5.64665325252e-09	-1.16903893286e-05
5.66052709343e-09	-3.16593796015e-05
5.67440093435e-09	-4.87022552988e-05
5.68827477526e-09	-6.0429028963e-05
5.70214861618e-09	-6.50608853903e-05
5.71602245709e-09	-6.17429905105e-05
5.72989629801e-09	-5.07172808284e-05
5.74377013892e-09	-3.33310235874e-05
5.75764397984e-09	-1.18689422379e-05
5.77151782075e-09	1.07885498437e-05
5.78539166167e-09	3.15711331496e-05
5.79926550258e-09	4.76761124446e-05
5.8131393435e-09	5.69509065826e-05
5.82701318442e-09	5.81661879551e-05
5.84088702533e-09	5.11619218742e-05
5.85476086625e-09	3.68348810298e-05
5.86863470716e-09	1.69900486071e-05
5.88250854808e-09	-5.88319380768e-06
5.89638238899e-09	-2.89305589831e-05
5.91025622991e-09	-4.92635917908e-05
5.92413007082e-09	-6.42873346806e-05
5.93800391174e-09	-7.20239186194e-05
5.95187775265e-09	-7.13334738975e-05
5.96575159357e-09	-6.20938080829e-05
5.97962543448e-09	-4.52582462458e-05
5.9934992754e-09	-2.2782565793e-05
6.00737311631e-09	2.56026396528e-06
6.02124695723e-09	2.75080456049e-05
6.03512079814e-09	4.87149736728e-05
6.04899463906e-09	6.32231531199e-05
6.06286847997e-09	6.88976142555e-05
6.07674232089e-09	6.47695997031e-05
6.09061616181e-09	5.12136466568e-05
6.10449000272e-09	2.9924831324e-05
6.11836384364e-09	3.69128065358e-06
6.13223768455e-09	-2.40048211708e-05
6.14611152547e-09	-4.94869818795e-05
6.15998536638e-09	-6.93831825629e-05
6.1738592073e-09	-8.10885903775e-05
6.18773304821e-09	-8.30724093248e-05
6.20160688913e-09	-7.50498002162e-05
6.21548073004e-09	-5.79857005505e-05
6.22935457096e-09	-3.3956624975e-05
6.24322841187e-09	-5.90664421907e-06
6.25710225279e-09	2.26967240451e-05
6.2709760937e-09	4.8249905376e-05
6.28484993462e-09	6.74331677146e-05
6.29872377553e-09	7.76239685365e-05
6.31259761645e-09	7.72562634666e-05
6.32647145737e-09	6.60753430566e-05
6.34034529828e-09	4.52453132311e-05
6.3542191392e-09	1.72660747921e-05
6.36809298011e-09	-1.43154829857e-05
6.38196682103e-09	-4.53463362646e-05
6.39584066194e-09	-7.16404465493e-05
