% time-domain voltage integration by openEMS v0.0.36-145-g8ee535b @Thu Apr  2 14:33:43 2026
% start-coordinates: (-0.000152542,-0.009,0) m -> [30,1,1]
% stop-coordinates: (-0.000152542,-0.009,0.000508) m -> [30,1,2]
% t/s	voltage
0	-0
1.38738409153e-11	-0
2.77476818305e-11	-0
4.16215227458e-11	-5.49602515903e-16
5.54953636611e-11	-1.20114973523e-10
6.93692045764e-11	-1.94390210595e-08
8.32430454916e-11	-1.23882529124e-07
9.71168864069e-11	-1.4290291972e-07
1.10990727322e-10	-1.15481356033e-07
1.24864568237e-10	1.69361470626e-07
1.38738409153e-10	7.96509823431e-07
1.52612250068e-10	1.95253596758e-06
1.66486090983e-10	3.44529416907e-06
1.80359931899e-10	4.73307500215e-06
1.94233772814e-10	4.71296471005e-06
2.08107613729e-10	1.54675171871e-06
2.21981454644e-10	-6.39718473394e-06
2.3585529556e-10	-1.99670557777e-05
2.49729136475e-10	-3.74478804588e-05
2.6360297739e-10	-5.33606435056e-05
2.77476818305e-10	-5.84396730119e-05
2.91350659221e-10	-4.11950531998e-05
3.05224500136e-10	7.81891867518e-06
3.19098341051e-10	9.00515296962e-05
3.32972181967e-10	0.000193373722141
3.46846022882e-10	0.000289571704343
3.60719863797e-10	0.000338540878147
3.74593704712e-10	0.000299236766296
3.88467545628e-10	0.000145956801134
4.02341386543e-10	-0.000115588467452
4.16215227458e-10	-0.000439778843429
4.30089068374e-10	-0.000745595258195
4.43962909289e-10	-0.000936370226555
4.57836750204e-10	-0.00092951557599
4.71710591119e-10	-0.000687475549057
4.85584432035e-10	-0.000237592903432
4.9945827295e-10	0.000327841931721
5.13332113865e-10	0.000873453274835
5.2720595478e-10	0.0012589066755
5.41079795696e-10	0.00138089072425
5.54953636611e-10	0.00120486970991
5.68827477526e-10	0.000775809341576
5.82701318442e-10	0.000204060983378
5.96575159357e-10	-0.000368535285816
6.10449000272e-10	-0.000810787372757
6.24322841187e-10	-0.00103850057349
6.38196682103e-10	-0.00103309983388
6.52070523018e-10	-0.000837903644424
6.65944363933e-10	-0.000535216706339
6.79818204848e-10	-0.000214178959141
6.93692045764e-10	5.76672900934e-05
7.07565886679e-10	0.000249397737207
7.21439727594e-10	0.000364181527402
7.3531356851e-10	0.000423582037911
7.49187409425e-10	0.000448043982033
7.6306125034e-10	0.00044338486623
7.76935091255e-10	0.000400031945901
7.90808932171e-10	0.00030367510044
8.04682773086e-10	0.000150897918502
8.18556614001e-10	-3.95955285057e-05
8.32430454916e-10	-0.000227255019126
8.46304295832e-10	-0.000361955841072
8.60178136747e-10	-0.000403319514589
8.74051977662e-10	-0.000337775360094
8.87925818578e-10	-0.000185204888112
9.01799659493e-10	7.87622411735e-06
9.15673500408e-10	0.000185267854249
9.29547341323e-10	0.000300766958389
9.43421182239e-10	0.000331834802637
9.57295023154e-10	0.000282710243482
9.71168864069e-10	0.000177123700269
9.85042704984e-10	4.59244038211e-05
9.989165459e-10	-8.37263505673e-05
1.01279038682e-09	-0.000193359097466
1.02666422773e-09	-0.000271726195933
1.04053806865e-09	-0.000310579198413
1.05441190956e-09	-0.000301754742395
1.06828575048e-09	-0.000238999709836
1.08215959139e-09	-0.000123295088997
1.09603343231e-09	3.16939767799e-05
1.10990727322e-09	0.000198188616196
1.12378111414e-09	0.000339239632012
1.13765495505e-09	0.000419021525886
1.15152879597e-09	0.000414303329308
1.16540263688e-09	0.000322521693306
1.1792764778e-09	0.000163214644999
1.19315031871e-09	-2.76541977655e-05
1.20702415963e-09	-0.000207636519917
1.22089800054e-09	-0.000338804384228
1.23477184146e-09	-0.000395800219849
1.24864568237e-09	-0.000370018358808
1.26251952329e-09	-0.000269748008577
1.27639336421e-09	-0.000117380506708
1.29026720512e-09	5.506035086e-05
1.30414104604e-09	0.000211921476875
1.31801488695e-09	0.000320559513057
1.33188872787e-09	0.000358540361049
1.34576256878e-09	0.000319304905133
1.3596364097e-09	0.000214612358832
1.37351025061e-09	7.21286342014e-05
1.38738409153e-09	-7.21469114069e-05
1.40125793244e-09	-0.000184299933608
1.41513177336e-09	-0.000242328635068
1.42900561427e-09	-0.000241568312049
1.44287945519e-09	-0.000193718660739
1.4567532961e-09	-0.000120255106594
1.47062713702e-09	-4.32700617239e-05
1.48450097793e-09	2.19952253246e-05
1.49837481885e-09	6.99763695593e-05
1.51224865976e-09	0.000102500824141
1.52612250068e-09	0.000123600591905
1.5399963416e-09	0.000134730478749
1.55387018251e-09	0.000133190565975
1.56774402343e-09	0.000114352442324
1.58161786434e-09	7.61114206398e-05
1.59549170526e-09	2.25846742978e-05
1.60936554617e-09	-3.53870345862e-05
1.62323938709e-09	-8.34529055282e-05
1.637113228e-09	-0.000109252461698
1.65098706892e-09	-0.000107379251858
1.66486090983e-09	-8.13338556327e-05
1.67873475075e-09	-4.16743532696e-05
1.69260859166e-09	-1.31109482027e-06
1.70648243258e-09	2.95175304927e-05
1.72035627349e-09	4.63221876998e-05
1.73423011441e-09	5.03484188812e-05
1.74810395532e-09	4.60207520518e-05
1.76197779624e-09	3.76560928999e-05
1.77585163716e-09	2.73674304481e-05
1.78972547807e-09	1.50707928697e-05
1.80359931899e-09	2.04890966415e-07
1.8174731599e-09	-1.62295327755e-05
1.83134700082e-09	-3.08337548631e-05
1.84522084173e-09	-3.87624859286e-05
1.85909468265e-09	-3.60579761036e-05
1.87296852356e-09	-2.18971872528e-05
1.88684236448e-09	5.01429894939e-07
1.90071620539e-09	2.48365395237e-05
1.91459004631e-09	4.40973963123e-05
1.92846388722e-09	5.31169644091e-05
1.94233772814e-09	5.00921887578e-05
1.95621156905e-09	3.65766027244e-05
1.97008540997e-09	1.62715441547e-05
1.98395925088e-09	-6.54254836263e-06
1.9978330918e-09	-2.80644017039e-05
2.01170693271e-09	-4.51911291748e-05
2.02558077363e-09	-5.52094315935e-05
2.03945461455e-09	-5.5685195548e-05
2.05332845546e-09	-4.49425642728e-05
2.06720229638e-09	-2.31546073337e-05
2.08107613729e-09	6.61613012198e-06
2.09494997821e-09	3.82151556551e-05
2.10882381912e-09	6.36547483737e-05
2.12269766004e-09	7.55353175919e-05
2.13657150095e-09	6.97704745107e-05
2.15044534187e-09	4.73561594845e-05
2.16431918278e-09	1.42803037306e-05
2.1781930237e-09	-2.04128591577e-05
2.19206686461e-09	-4.77658322779e-05
2.20594070553e-09	-6.18123958702e-05
2.21981454644e-09	-6.11285940977e-05
2.23368838736e-09	-4.85288655909e-05
2.24756222827e-09	-2.92291661026e-05
2.26143606919e-09	-8.58434214024e-06
2.2753099101e-09	9.65669460129e-06
2.28918375102e-09	2.38359061768e-05
2.30305759194e-09	3.37950405083e-05
2.31693143285e-09	3.97521216655e-05
2.33080527377e-09	4.14984024246e-05
2.34467911468e-09	3.83019360015e-05
2.3585529556e-09	2.95501522487e-05
2.37242679651e-09	1.56496753334e-05
2.38630063743e-09	-1.48957769852e-06
2.40017447834e-09	-1.86418401427e-05
2.41404831926e-09	-3.21951956721e-05
2.42792216017e-09	-3.93316295231e-05
2.44179600109e-09	-3.89510569221e-05
2.455669842e-09	-3.18988531944e-05
2.46954368292e-09	-2.04619791475e-05
2.48341752383e-09	-7.45545548853e-06
2.49729136475e-09	4.6891727834e-06
2.51116520566e-09	1.44087607623e-05
2.52503904658e-09	2.09991048905e-05
2.5389128875e-09	2.4292836315e-05
2.55278672841e-09	2.43261602009e-05
2.56666056933e-09	2.12267768802e-05
2.58053441024e-09	1.53534347191e-05
2.59440825116e-09	7.49633909436e-06
2.60828209207e-09	-1.06236257125e-06
2.62215593299e-09	-8.79122671904e-06
2.6360297739e-09	-1.43633587868e-05
2.64990361482e-09	-1.70860366779e-05
2.66377745573e-09	-1.70640632859e-05
2.67765129665e-09	-1.50373089127e-05
2.69152513756e-09	-1.19296819321e-05
2.70539897848e-09	-8.43274756335e-06
2.71927281939e-09	-4.79027221445e-06
2.73314666031e-09	-9.27029759623e-07
2.74702050122e-09	3.18109232467e-06
2.76089434214e-09	7.20367097529e-06
2.77476818305e-09	1.03605634649e-05
2.78864202397e-09	1.16968658403e-05
2.80251586489e-09	1.05600483948e-05
2.8163897058e-09	7.04870763002e-06
2.83026354672e-09	2.13157909457e-06
2.84413738763e-09	-2.66282586381e-06
2.85801122855e-09	-5.87006798014e-06
2.87188506946e-09	-6.76030322211e-06
2.88575891038e-09	-5.66876406083e-06
2.89963275129e-09	-3.83720907848e-06
2.91350659221e-09	-2.79395317193e-06
2.92738043312e-09	-3.58681427315e-06
2.94125427404e-09	-6.23279629508e-06
2.95512811495e-09	-9.66707739281e-06
2.96900195587e-09	-1.22182245832e-05
2.98287579678e-09	-1.23629797599e-05
2.9967496377e-09	-9.42193582887e-06
3.01062347861e-09	-3.85247403756e-06
3.02449731953e-09	2.95107020065e-06
3.03837116045e-09	9.21181344893e-06
3.05224500136e-09	1.34297006298e-05
3.06611884228e-09	1.48198960233e-05
3.07999268319e-09	1.34025249281e-05
3.09386652411e-09	9.76635055849e-06
3.10774036502e-09	4.70547820441e-06
3.12161420594e-09	-1.06731022242e-06
3.13548804685e-09	-7.00880627846e-06
3.14936188777e-09	-1.26371742226e-05
3.16323572868e-09	-1.73783482751e-05
3.1771095696e-09	-2.05107717193e-05
3.19098341051e-09	-2.12931809074e-05
3.20485725143e-09	-1.92226252693e-05
3.21873109234e-09	-1.4311306586e-05
3.23260493326e-09	-7.21608375898e-06
3.24647877417e-09	8.86655470822e-07
3.26035261509e-09	8.58684506966e-06
3.274226456e-09	1.46141101141e-05
3.28810029692e-09	1.81000505108e-05
3.30197413784e-09	1.86814140761e-05
3.31584797875e-09	1.64248849615e-05
3.32972181967e-09	1.1686621292e-05
3.34359566058e-09	5.01788599649e-06
3.3574695015e-09	-2.865352144e-06
3.37134334241e-09	-1.10409819172e-05
3.38521718333e-09	-1.84020682354e-05
3.39909102424e-09	-2.3769269319e-05
3.41296486516e-09	-2.61443856289e-05
3.42683870607e-09	-2.49853510468e-05
3.44071254699e-09	-2.04115603992e-05
3.4545863879e-09	-1.32096320158e-05
3.46846022882e-09	-4.64492040919e-06
3.48233406973e-09	3.86509054806e-06
3.49620791065e-09	1.10934561235e-05
3.51008175156e-09	1.62061987794e-05
3.52395559248e-09	1.88061458175e-05
3.53782943339e-09	1.881361095e-05
3.55170327431e-09	1.63314834936e-05
3.56557711523e-09	1.15583679872e-05
3.57945095614e-09	4.83186158817e-06
3.59332479706e-09	-3.26678127749e-06
3.60719863797e-09	-1.18194730021e-05
3.62107247889e-09	-1.96126493393e-05
3.6349463198e-09	-2.5349061616e-05
3.64882016072e-09	-2.79542982753e-05
3.66269400163e-09	-2.68954318017e-05
3.67656784255e-09	-2.23312017624e-05
3.69044168346e-09	-1.50775013026e-05
3.70431552438e-09	-6.36258118902e-06
3.71818936529e-09	2.47267598752e-06
3.73206320621e-09	1.02589146991e-05
3.74593704712e-09	1.61334683071e-05
3.75981088804e-09	1.95598913706e-05
3.77368472895e-09	2.02641240321e-05
3.78755856987e-09	1.81808063644e-05
3.80143241079e-09	1.34633228299e-05
3.8153062517e-09	6.52763264952e-06
3.82918009262e-09	-1.8881764845e-06
3.84305393353e-09	-1.0754167306e-05
3.85692777445e-09	-1.88616904779e-05
3.87080161536e-09	-2.50466327998e-05
3.88467545628e-09	-2.84108064079e-05
3.89854929719e-09	-2.85008118226e-05
3.91242313811e-09	-2.53629277722e-05
3.92629697902e-09	-1.94796739379e-05
3.94017081994e-09	-1.16405462904e-05
3.95404466085e-09	-2.79103551293e-06
3.96791850177e-09	6.06376852375e-06
3.98179234268e-09	1.3929704437e-05
3.9956661836e-09	1.98617271963e-05
4.00954002451e-09	2.30404584727e-05
4.02341386543e-09	2.28853241424e-05
4.03728770634e-09	1.92037332454e-05
4.05116154726e-09	1.23032623378e-05
4.06503538818e-09	3.01018008031e-06
4.07890922909e-09	-7.42813426768e-06
4.09278307001e-09	-1.75539134943e-05
4.10665691092e-09	-2.59542648564e-05
4.12053075184e-09	-3.14948010782e-05
4.13440459275e-09	-3.3467393223e-05
4.14827843367e-09	-3.16475670843e-05
4.16215227458e-09	-2.62702833425e-05
4.1760261155e-09	-1.79730577656e-05
4.18989995641e-09	-7.72148268879e-06
4.20377379733e-09	3.26749432134e-06
4.21764763824e-09	1.36271737574e-05
4.23152147916e-09	2.19799148908e-05
4.24539532007e-09	2.71284807241e-05
4.25926916099e-09	2.82483379124e-05
4.2731430019e-09	2.50594384852e-05
4.28701684282e-09	1.79019771167e-05
4.30089068374e-09	7.70078622736e-06
4.31476452465e-09	-4.18377385358e-06
4.32863836557e-09	-1.61758944159e-05
4.34251220648e-09	-2.67133218586e-05
4.3563860474e-09	-3.44538784702e-05
4.37025988831e-09	-3.84101258533e-05
4.38413372923e-09	-3.80439378205e-05
4.39800757014e-09	-3.33119533025e-05
4.41188141106e-09	-2.46873678407e-05
4.42575525197e-09	-1.31487850012e-05
4.43962909289e-09	-1.0840176401e-07
4.4535029338e-09	1.27330949908e-05
4.46737677472e-09	2.36116520682e-05
4.48125061563e-09	3.09658098558e-05
4.49512445655e-09	3.36995180987e-05
4.50899829746e-09	3.13678210659e-05
4.52287213838e-09	2.4249231501e-05
4.53674597929e-09	1.32910463435e-05
4.55061982021e-09	-5.46206138097e-08
4.56449366113e-09	-1.40513257065e-05
4.57836750204e-09	-2.69121064775e-05
4.59224134296e-09	-3.70106099581e-05
4.60611518387e-09	-4.30590916949e-05
4.61998902479e-09	-4.42409436801e-05
4.6338628657e-09	-4.03100566473e-05
4.64773670662e-09	-3.16425466735e-05
4.66161054753e-09	-1.92306724784e-05
4.67548438845e-09	-4.59624698124e-06
4.68935822936e-09	1.03789088826e-05
4.70323207028e-09	2.36995620071e-05
4.71710591119e-09	3.35380136676e-05
4.73097975211e-09	3.85075290978e-05
4.74485359302e-09	3.78667064069e-05
4.75872743394e-09	3.16284458677e-05
4.77260127485e-09	2.05543983611e-05
4.78647511577e-09	6.04622982792e-06
4.80034895668e-09	-1.00393426692e-05
4.8142227976e-09	-2.56279563473e-05
4.82809663852e-09	-3.86863248423e-05
4.84197047943e-09	-4.74778462376e-05
4.85584432035e-09	-5.07931181346e-05
4.86971816126e-09	-4.81151801068e-05
4.88359200218e-09	-3.97073599743e-05
4.89746584309e-09	-2.659308484e-05
4.91133968401e-09	-1.04294940684e-05
4.92521352492e-09	6.71154612064e-06
4.93908736584e-09	2.2611775421e-05
4.95296120675e-09	3.52046881744e-05
4.96683504767e-09	4.28272651334e-05
4.98070888858e-09	4.44373690698e-05
4.9945827295e-09	3.97313742724e-05
5.00845657041e-09	2.9193908631e-05
5.02233041133e-09	1.40567026392e-05
5.03620425224e-09	-3.8352663978e-06
5.05007809316e-09	-2.22192211368e-05
5.06395193408e-09	-3.86971369153e-05
5.07782577499e-09	-5.10382196808e-05
5.09169961591e-09	-5.74998011871e-05
5.10557345682e-09	-5.70897755097e-05
5.11944729774e-09	-4.97365217598e-05
5.13332113865e-09	-3.63160179404e-05
5.14719497957e-09	-1.85440549103e-05
5.16106882048e-09	1.2658056221e-06
5.1749426614e-09	2.0519737518e-05
5.18881650231e-09	3.66965650755e-05
5.20269034323e-09	4.76756831631e-05
5.21656418414e-09	5.19921886735e-05
5.23043802506e-09	4.90231395815e-05
5.24431186597e-09	3.90536515624e-05
5.25818570689e-09	2.32498987316e-05
5.2720595478e-09	3.53711948264e-06
5.28593338872e-09	-1.76232242666e-05
5.29980722963e-09	-3.75244817405e-05
5.31368107055e-09	-5.35520157428e-05
5.32755491147e-09	-6.35260876152e-05
5.34142875238e-09	-6.60090663587e-05
5.3553025933e-09	-6.0519490944e-05
5.36917643421e-09	-4.76189779874e-05
5.38305027513e-09	-2.8870323149e-05
5.39692411604e-09	-6.64300750941e-06
5.41079795696e-09	1.61930875038e-05
5.42467179787e-09	3.66360436601e-05
5.43854563879e-09	5.19527166034e-05
5.4524194797e-09	6.00444473093e-05
5.46629332062e-09	5.97339567321e-05
5.48016716153e-09	5.09330420755e-05
5.49404100245e-09	3.46733359038e-05
5.50791484336e-09	1.29810032377e-05
5.52178868428e-09	-1.13741398309e-05
5.53566252519e-09	-3.52446841134e-05
5.54953636611e-09	-5.55096303287e-05
5.56341020703e-09	-6.94869086146e-05
5.57728404794e-09	-7.52788764657e-05
5.59115788886e-09	-7.20254101907e-05
5.60503172977e-09	-6.00139610469e-05
5.61890557069e-09	-4.06596300309e-05
5.6327794116e-09	-1.63396834978e-05
5.64665325252e-09	9.88763349596e-06
5.66052709343e-09	3.4652875911e-05
5.67440093435e-09	5.46970150026e-05
5.68827477526e-09	6.72999085509e-05
5.70214861618e-09	7.06523787812e-05
5.71602245709e-09	6.41165097477e-05
5.72989629801e-09	4.83611802338e-05
5.74377013892e-09	2.52977006312e-05
5.75764397984e-09	-2.14855663216e-06
5.77151782075e-09	-3.04192890326e-05
5.78539166167e-09	-5.57912353543e-05
5.79926550258e-09	-7.4882816989e-05
5.8131393435e-09	-8.51023651194e-05
5.82701318442e-09	-8.50054057082e-05
5.84088702533e-09	-7.44745339034e-05
5.85476086625e-09	-5.47512172488e-05
5.86863470716e-09	-2.82760738628e-05
5.88250854808e-09	1.61130446941e-06
5.89638238899e-09	3.10843461193e-05
5.91025622991e-09	5.63161811442e-05
5.92413007082e-09	7.39631359465e-05
5.93800391174e-09	8.16019237391e-05
5.95187775265e-09	7.80635527917e-05
5.96575159357e-09	6.36054028291e-05
5.97962543448e-09	3.99107666453e-05
5.9934992754e-09	9.90689750324e-06
6.00737311631e-09	-2.26018310059e-05
6.02124695723e-09	-5.33990714757e-05
6.03512079814e-09	-7.84212606959e-05
6.04899463906e-09	-9.42767001106e-05
6.06286847997e-09	-9.87185339909e-05
6.07674232089e-09	-9.09703958314e-05
6.09061616181e-09	-7.18389928807e-05
6.10449000272e-09	-4.36582195107e-05
6.11836384364e-09	-9.98796167551e-06
6.13223768455e-09	2.48350261245e-05
6.14611152547e-09	5.62535024073e-05
6.15998536638e-09	8.00991838332e-05
6.1738592073e-09	9.31458198465e-05
6.18773304821e-09	9.3534028565e-05
6.20160688913e-09	8.10422498034e-05
6.21548073004e-09	5.71097043576e-05
6.22935457096e-09	2.46817089646e-05
6.24322841187e-09	-1.21546436276e-05
6.25710225279e-09	-4.86880126118e-05
6.2709760937e-09	-8.01713831606e-05
6.28484993462e-09	-0.000102425095974
6.29872377553e-09	-0.000112394598546
6.31259761645e-09	-0.00010855315486
6.32647145737e-09	-9.11478418857e-05
6.34034529828e-09	-6.220175419e-05
6.3542191392e-09	-2.5292247301e-05
6.36809298011e-09	1.48802209878e-05
6.38196682103e-09	5.30995457666e-05
6.39584066194e-09	8.43020461616e-05
