% time-domain voltage integration by openEMS v0.0.36-145-g8ee535b @Thu Apr  2 14:33:43 2026
% start-coordinates: (0.009,-0.000152542,0) m -> [60,30,1]
% stop-coordinates: (0.009,-0.000152542,0.000508) m -> [60,30,2]
% t/s	voltage
0	-0
1.38738409153e-11	-0
2.77476818305e-11	-0
4.16215227458e-11	-0
5.54953636611e-11	-6.9721606266e-19
6.93692045764e-11	-9.29913047606e-13
8.32430454916e-11	-8.03006411365e-11
9.71168864069e-11	3.71590785919e-10
1.10990727322e-10	-3.21801052472e-09
1.24864568237e-10	-6.86678234274e-08
1.38738409153e-10	-1.64578921158e-07
1.52612250068e-10	-2.24700727358e-07
1.66486090983e-10	-1.16686642571e-08
1.80359931899e-10	4.474532318e-07
1.94233772814e-10	1.51569201989e-06
2.08107613729e-10	3.12788301926e-06
2.21981454644e-10	4.92075741931e-06
2.3585529556e-10	5.85239558859e-06
2.49729136475e-10	4.29062629337e-06
2.6360297739e-10	-1.98149177777e-06
2.77476818305e-10	-1.45993290062e-05
2.91350659221e-10	-3.30862858391e-05
3.05224500136e-10	-5.34291175427e-05
3.19098341051e-10	-6.67938074912e-05
3.32972181967e-10	-6.05457244092e-05
3.46846022882e-10	-2.20029414777e-05
3.60719863797e-10	5.53242898604e-05
3.74593704712e-10	0.000164616489201
3.88467545628e-10	0.000281222048216
4.02341386543e-10	0.000364016770618
4.16215227458e-10	0.00036545158946
4.30089068374e-10	0.000248434749665
4.43962909289e-10	5.63162575418e-06
4.57836750204e-10	-0.000327531277435
4.71710591119e-10	-0.000673767470289
4.85584432035e-10	-0.000931684859097
4.9945827295e-10	-0.00100671465043
5.13332113865e-10	-0.000845614064019
5.2720595478e-10	-0.000459673115984
5.41079795696e-10	7.20953394193e-05
5.54953636611e-10	0.000623576226644
5.68827477526e-10	0.00105922087096
5.82701318442e-10	0.00127484917175
5.96575159357e-10	0.00122759200167
6.10449000272e-10	0.00094481772976
6.24322841187e-10	0.000510836543981
6.38196682103e-10	3.74581795768e-05
6.52070523018e-10	-0.000370228226529
6.65944363933e-10	-0.000641839811578
6.79818204848e-10	-0.000755619257689
6.93692045764e-10	-0.000735180568881
7.07565886679e-10	-0.000632598181255
7.21439727594e-10	-0.00050386908697
7.3531356851e-10	-0.000386550789699
7.49187409425e-10	-0.000287361937808
7.6306125034e-10	-0.000184983335203
7.76935091255e-10	-4.64786826342e-05
7.90808932171e-10	0.000149337400217
8.04682773086e-10	0.000392522837501
8.18556614001e-10	0.000636919110548
8.32430454916e-10	0.000812793790828
8.46304295832e-10	0.000853417615872
8.60178136747e-10	0.000724045268726
8.74051977662e-10	0.000440336792963
8.87925818578e-10	6.70822919346e-05
9.01799659493e-10	-0.000302879459923
9.15673500408e-10	-0.000580730033107
9.29547341323e-10	-0.000711490924004
9.43421182239e-10	-0.000689056119882
9.57295023154e-10	-0.000551649485715
9.71168864069e-10	-0.0003607920371
9.85042704984e-10	-0.000174609493115
9.989165459e-10	-2.69624233624e-05
1.01279038682e-09	7.93658400653e-05
1.02666422773e-09	0.000163790246006
1.04053806865e-09	0.000249731063377
1.05441190956e-09	0.000346003216691
1.06828575048e-09	0.000437729759142
1.08215959139e-09	0.000490754959174
1.09603343231e-09	0.000467560865218
1.10990727322e-09	0.000347517634509
1.12378111414e-09	0.000141461641761
1.13765495505e-09	-0.000106551604404
1.15152879597e-09	-0.000332306692144
1.16540263688e-09	-0.00047391364933
1.1792764778e-09	-0.000494927633554
1.19315031871e-09	-0.000397686992073
1.20702415963e-09	-0.00022168031137
1.22089800054e-09	-2.76331884379e-05
1.23477184146e-09	0.00012535660062
1.24864568237e-09	0.000200415248401
1.26251952329e-09	0.000193205152755
1.27639336421e-09	0.000128828847664
1.29026720512e-09	4.83863987029e-05
1.30414104604e-09	-8.62948400027e-06
1.31801488695e-09	-1.87514142453e-05
1.33188872787e-09	1.87852165254e-05
1.34576256878e-09	8.44093519845e-05
1.3596364097e-09	0.000147473707329
1.37351025061e-09	0.000178606394911
1.38738409153e-09	0.000160460200277
1.40125793244e-09	9.36600699788e-05
1.41513177336e-09	-3.79702282771e-06
1.42900561427e-09	-0.000103432183096
1.44287945519e-09	-0.000176526882569
1.4567532961e-09	-0.000204279203899
1.47062713702e-09	-0.000183850468602
1.48450097793e-09	-0.000128083964228
1.49837481885e-09	-5.92227406742e-05
1.51224865976e-09	6.20049547706e-07
1.52612250068e-09	3.80103410862e-05
1.5399963416e-09	5.21989095432e-05
1.55387018251e-09	5.31577425136e-05
1.56774402343e-09	5.50289223611e-05
1.58161786434e-09	6.81845849613e-05
1.59549170526e-09	9.3644935987e-05
1.60936554617e-09	0.000122225072118
1.62323938709e-09	0.000138642033562
1.637113228e-09	0.000128592684632
1.65098706892e-09	8.57873164932e-05
1.66486090983e-09	1.57500890055e-05
1.67873475075e-09	-6.51468508295e-05
1.69260859166e-09	-0.000135138267069
1.70648243258e-09	-0.000174856279045
1.72035627349e-09	-0.000174340602825
1.73423011441e-09	-0.000136376766022
1.74810395532e-09	-7.49321916373e-05
1.76197779624e-09	-9.29638281377e-06
1.77585163716e-09	4.33689965575e-05
1.78972547807e-09	7.39470633562e-05
1.80359931899e-09	8.33025842439e-05
1.8174731599e-09	7.97279935796e-05
1.83134700082e-09	7.34170680516e-05
1.84522084173e-09	7.09097512299e-05
1.85909468265e-09	7.21076212358e-05
1.87296852356e-09	7.1002432378e-05
1.88684236448e-09	5.96709578531e-05
1.90071620539e-09	3.30826369463e-05
1.91459004631e-09	-7.50677281758e-06
1.92846388722e-09	-5.41779118066e-05
1.94233772814e-09	-9.50146350078e-05
1.95621156905e-09	-0.000118418582133
1.97008540997e-09	-0.000117275383673
1.98395925088e-09	-9.13427793421e-05
1.9978330918e-09	-4.72395549878e-05
2.01170693271e-09	3.80225833396e-06
2.02558077363e-09	4.93635780003e-05
2.03945461455e-09	7.94080260675e-05
2.05332845546e-09	8.88955837581e-05
2.06720229638e-09	7.87703247624e-05
2.08107613729e-09	5.51170742256e-05
2.09494997821e-09	2.68189050985e-05
2.10882381912e-09	2.50407560998e-06
2.12269766004e-09	-1.22149549497e-05
2.13657150095e-09	-1.61726347869e-05
2.15044534187e-09	-1.24102898553e-05
2.16431918278e-09	-6.39535892333e-06
2.1781930237e-09	-3.50603363586e-06
2.19206686461e-09	-6.77815069139e-06
2.20594070553e-09	-1.57969370775e-05
2.21981454644e-09	-2.70173968602e-05
2.23368838736e-09	-3.53409668605e-05
2.24756222827e-09	-3.62689024769e-05
2.26143606919e-09	-2.77668259514e-05
2.2753099101e-09	-1.1252668628e-05
2.28918375102e-09	8.8377355496e-06
2.30305759194e-09	2.66083461611e-05
2.31693143285e-09	3.69635163224e-05
2.33080527377e-09	3.75622912543e-05
2.34467911468e-09	2.96785237879e-05
2.3585529556e-09	1.75287823367e-05
2.37242679651e-09	6.30054455542e-06
2.38630063743e-09	-1.78106574822e-07
2.40017447834e-09	-1.07822665996e-06
2.41404831926e-09	1.29631189338e-06
2.42792216017e-09	2.88234855361e-06
2.44179600109e-09	1.19410984212e-07
2.455669842e-09	-8.13157657831e-06
2.46954368292e-09	-1.98490579351e-05
2.48341752383e-09	-3.07081609208e-05
2.49729136475e-09	-3.59799414582e-05
2.51116520566e-09	-3.26553126797e-05
2.52503904658e-09	-2.07591147046e-05
2.5389128875e-09	-3.35751155944e-06
2.55278672841e-09	1.46375159602e-05
2.56666056933e-09	2.83186782326e-05
2.58053441024e-09	3.44665349985e-05
2.59440825116e-09	3.24874199578e-05
2.60828209207e-09	2.42577152676e-05
2.62215593299e-09	1.31484566737e-05
2.6360297739e-09	2.60264982899e-06
2.64990361482e-09	-5.04357103637e-06
2.66377745573e-09	-9.19081230677e-06
2.67765129665e-09	-1.07774358185e-05
2.69152513756e-09	-1.15078855742e-05
2.70539897848e-09	-1.2856583453e-05
2.71927281939e-09	-1.52991342475e-05
2.73314666031e-09	-1.80777878995e-05
2.74702050122e-09	-1.95643133338e-05
2.76089434214e-09	-1.80386487045e-05
2.77476818305e-09	-1.25169581224e-05
2.78864202397e-09	-3.33628781846e-06
2.80251586489e-09	7.80726259109e-06
2.8163897058e-09	1.82811600098e-05
2.83026354672e-09	2.5332932637e-05
2.84413738763e-09	2.69542470051e-05
2.85801122855e-09	2.25347903324e-05
2.87188506946e-09	1.31016959131e-05
2.88575891038e-09	1.0364268519e-06
2.89963275129e-09	-1.06065026557e-05
2.91350659221e-09	-1.90355131053e-05
2.92738043312e-09	-2.25387157116e-05
2.94125427404e-09	-2.09837689908e-05
2.95512811495e-09	-1.57461199706e-05
2.96900195587e-09	-9.1211823019e-06
2.98287579678e-09	-3.39390408044e-06
2.9967496377e-09	1.59905901853e-08
3.01062347861e-09	1.0068561096e-06
3.02449731953e-09	6.43690668767e-07
3.03837116045e-09	4.71591931728e-07
3.05224500136e-09	1.65309120348e-06
3.06611884228e-09	4.32575461673e-06
3.07999268319e-09	7.51516790842e-06
3.09386652411e-09	9.60458328336e-06
3.10774036502e-09	9.14657903195e-06
3.12161420594e-09	5.59294903724e-06
3.13548804685e-09	-3.83708623986e-07
3.14936188777e-09	-7.12809423931e-06
3.16323572868e-09	-1.26507911773e-05
3.1771095696e-09	-1.53988421516e-05
3.19098341051e-09	-1.48167637235e-05
3.20485725143e-09	-1.14650783871e-05
3.21873109234e-09	-6.72607257002e-06
3.23260493326e-09	-2.19581193051e-06
3.24647877417e-09	9.12693849386e-07
3.26035261509e-09	2.16864805225e-06
3.274226456e-09	1.94551512323e-06
3.28810029692e-09	1.12325551527e-06
3.30197413784e-09	5.9098363181e-07
3.31584797875e-09	8.17151033061e-07
3.32972181967e-09	1.65011999798e-06
3.34359566058e-09	2.43990189119e-06
3.3574695015e-09	2.39513883571e-06
3.37134334241e-09	9.82598294286e-07
3.38521718333e-09	-1.79698997727e-06
3.39909102424e-09	-5.39382745046e-06
3.41296486516e-09	-8.90207775228e-06
3.42683870607e-09	-1.13887526823e-05
3.44071254699e-09	-1.21881457744e-05
3.4545863879e-09	-1.10873443191e-05
3.46846022882e-09	-8.34410093375e-06
3.48233406973e-09	-4.59451484858e-06
3.49620791065e-09	-6.74634577535e-07
3.51008175156e-09	2.59729381469e-06
3.52395559248e-09	4.60661885882e-06
3.53782943339e-09	5.09280789629e-06
3.55170327431e-09	4.17877708969e-06
3.56557711523e-09	2.30601540352e-06
3.57945095614e-09	4.7528054381e-08
3.59332479706e-09	-2.09433164855e-06
3.60719863797e-09	-3.85359408028e-06
3.62107247889e-09	-5.24322695128e-06
3.6349463198e-09	-6.45202226224e-06
3.64882016072e-09	-7.67163510318e-06
3.66269400163e-09	-8.90837873158e-06
3.67656784255e-09	-9.90582793747e-06
3.69044168346e-09	-1.02128115032e-05
3.70431552438e-09	-9.36990545597e-06
3.71818936529e-09	-7.14902444088e-06
3.73206320621e-09	-3.72447834707e-06
3.74593704712e-09	2.954588183e-07
3.75981088804e-09	4.02151408707e-06
3.77368472895e-09	6.54351742924e-06
3.78755856987e-09	7.22841787137e-06
3.80143241079e-09	5.90821036894e-06
3.8153062517e-09	2.9269829156e-06
3.82918009262e-09	-1.01054376955e-06
3.84305393353e-09	-5.06523974764e-06
3.85692777445e-09	-8.52392349771e-06
3.87080161536e-09	-1.09458105726e-05
3.88467545628e-09	-1.21997600218e-05
3.89854929719e-09	-1.23713625726e-05
3.91242313811e-09	-1.16297478598e-05
3.92629697902e-09	-1.012057146e-05
3.94017081994e-09	-7.9330011431e-06
3.95404466085e-09	-5.15574174642e-06
3.96791850177e-09	-1.96021051124e-06
3.98179234268e-09	1.32104548811e-06
3.9956661836e-09	4.21780441684e-06
4.00954002451e-09	6.19818820269e-06
4.02341386543e-09	6.82547715769e-06
4.03728770634e-09	5.8800228544e-06
4.05116154726e-09	3.44209183822e-06
4.06503538818e-09	-1.30775916318e-07
4.07890922909e-09	-4.28365501648e-06
4.09278307001e-09	-8.38657069835e-06
4.10665691092e-09	-1.18493580885e-05
4.12053075184e-09	-1.41976997838e-05
4.13440459275e-09	-1.51313915921e-05
4.14827843367e-09	-1.45420954141e-05
4.16215227458e-09	-1.25262922666e-05
4.1760261155e-09	-9.36218202696e-06
4.18989995641e-09	-5.48476282347e-06
4.20377379733e-09	-1.40702331919e-06
4.21764763824e-09	2.34016033573e-06
4.23152147916e-09	5.2900609262e-06
4.24539532007e-09	7.08808283889e-06
4.25926916099e-09	7.5186912909e-06
4.2731430019e-09	6.52031121717e-06
4.28701684282e-09	4.18017634729e-06
4.30089068374e-09	7.394294812e-07
4.31476452465e-09	-3.42575003742e-06
4.32863836557e-09	-7.81795006333e-06
4.34251220648e-09	-1.18776970339e-05
4.3563860474e-09	-1.50362729983e-05
4.37025988831e-09	-1.68182723428e-05
4.38413372923e-09	-1.69133691088e-05
4.39800757014e-09	-1.52535758389e-05
4.41188141106e-09	-1.20349022836e-05
4.42575525197e-09	-7.6988917499e-06
4.43962909289e-09	-2.85675082523e-06
4.4535029338e-09	1.81892221462e-06
4.46737677472e-09	5.70113070353e-06
4.48125061563e-09	8.30723638501e-06
4.49512445655e-09	9.33389856073e-06
4.50899829746e-09	8.67618291522e-06
4.52287213838e-09	6.40366761218e-06
4.53674597929e-09	2.75200181932e-06
4.55061982021e-09	-1.89425156805e-06
4.56449366113e-09	-7.01014369042e-06
4.57836750204e-09	-1.19603937492e-05
4.59224134296e-09	-1.6070829588e-05
4.60611518387e-09	-1.87268396985e-05
4.61998902479e-09	-1.94922868104e-05
4.6338628657e-09	-1.82013809535e-05
4.64773670662e-09	-1.50033911268e-05
4.66161054753e-09	-1.03386983028e-05
4.67548438845e-09	-4.85729560751e-06
4.68935822936e-09	6.92804064784e-07
4.70323207028e-09	5.58762394576e-06
4.71710591119e-09	9.21597529668e-06
4.73097975211e-09	1.11433373604e-05
4.74485359302e-09	1.11397284854e-05
4.75872743394e-09	9.1898455139e-06
4.77260127485e-09	5.4855381677e-06
4.78647511577e-09	4.2417940449e-07
4.80034895668e-09	-5.42356565347e-06
4.8142227976e-09	-1.13489832074e-05
4.82809663852e-09	-1.65822148119e-05
4.84197047943e-09	-2.03877170861e-05
4.85584432035e-09	-2.21865793719e-05
4.86971816126e-09	-2.16509379243e-05
4.88359200218e-09	-1.87830901268e-05
4.89746584309e-09	-1.39240191857e-05
4.91133968401e-09	-7.71392114984e-06
4.92521352492e-09	-9.96774474515e-07
4.93908736584e-09	5.3103767641e-06
4.95296120675e-09	1.03473366835e-05
4.96683504767e-09	1.34374167828e-05
4.98070888858e-09	1.41706568684e-05
4.9945827295e-09	1.24541038531e-05
5.00845657041e-09	8.51303957461e-06
5.02233041133e-09	2.84892803393e-06
5.03620425224e-09	-3.82520101994e-06
5.05007809316e-09	-1.06777652036e-05
5.06395193408e-09	-1.68578662851e-05
5.07782577499e-09	-2.1592113626e-05
5.09169961591e-09	-2.42705318669e-05
5.10557345682e-09	-2.45200481004e-05
5.11944729774e-09	-2.22448179557e-05
5.13332113865e-09	-1.76550547621e-05
5.14719497957e-09	-1.12592715595e-05
5.16106882048e-09	-3.82081088901e-06
5.1749426614e-09	3.7124557366e-06
5.18881650231e-09	1.03264346762e-05
5.20269034323e-09	1.50779833348e-05
5.21656418414e-09	1.72491727426e-05
5.23043802506e-09	1.64649882208e-05
5.24431186597e-09	1.27786915982e-05
5.25818570689e-09	6.66568257657e-06
5.2720595478e-09	-1.04169589576e-06
5.28593338872e-09	-9.29406269279e-06
5.29980722963e-09	-1.6984742615e-05
5.31368107055e-09	-2.3109576432e-05
5.32755491147e-09	-2.69006741291e-05
5.34142875238e-09	-2.78961742879e-05
5.3553025933e-09	-2.59879143414e-05
5.36917643421e-09	-2.14066621993e-05
5.38305027513e-09	-1.46889515236e-05
5.39692411604e-09	-6.62106458549e-06
5.41079795696e-09	1.83330485015e-06
5.42467179787e-09	9.6341200333e-06
5.43854563879e-09	1.57675422088e-05
5.4524194797e-09	1.93813993974e-05
5.46629332062e-09	1.9902279746e-05
5.48016716153e-09	1.7143353034e-05
5.49404100245e-09	1.13632286229e-05
5.50791484336e-09	3.25277596858e-06
5.52178868428e-09	-6.1375903897e-06
5.53566252519e-09	-1.55493507918e-05
5.54953636611e-09	-2.36886680796e-05
5.56341020703e-09	-2.94349974865e-05
5.57728404794e-09	-3.19876016874e-05
5.59115788886e-09	-3.09879105771e-05
5.60503172977e-09	-2.6558573154e-05
5.61890557069e-09	-1.92769530258e-05
5.6327794116e-09	-1.00916959127e-05
5.64665325252e-09	-1.83046552138e-07
5.66052709343e-09	9.18102796277e-06
5.67440093435e-09	1.68167971424e-05
5.68827477526e-09	2.17464075831e-05
5.70214861618e-09	2.33297432715e-05
5.71602245709e-09	2.13135608647e-05
5.72989629801e-09	1.58944349096e-05
5.74377013892e-09	7.67297933635e-06
5.75764397984e-09	-2.37832614403e-06
5.77151782075e-09	-1.30201851789e-05
5.78539166167e-09	-2.28939261433e-05
5.79926550258e-09	-3.06761685351e-05
5.8131393435e-09	-3.52678034687e-05
5.82701318442e-09	-3.59614568879e-05
5.84088702533e-09	-3.25537730532e-05
5.85476086625e-09	-2.54094411503e-05
5.86863470716e-09	-1.54247591126e-05
5.88250854808e-09	-3.90888862967e-06
5.89638238899e-09	7.59581143939e-06
5.91025622991e-09	1.75420409505e-05
5.92413007082e-09	2.45871033258e-05
5.93800391174e-09	2.77870040009e-05
5.95187775265e-09	2.67142968369e-05
5.96575159357e-09	2.14953815885e-05
5.97962543448e-09	1.27879347929e-05
5.9934992754e-09	1.68327756001e-06
6.00737311631e-09	-1.04333867057e-05
6.02124695723e-09	-2.20451420319e-05
6.03512079814e-09	-3.16829027724e-05
6.04899463906e-09	-3.80932979169e-05
6.06286847997e-09	-4.03908270528e-05
6.07674232089e-09	-3.81862118957e-05
6.09061616181e-09	-3.16452315019e-05
6.10449000272e-09	-2.15034779103e-05
6.11836384364e-09	-8.99550741451e-06
6.13223768455e-09	4.28733892477e-06
6.14611152547e-09	1.65936726262e-05
6.15998536638e-09	2.62570265477e-05
6.1738592073e-09	3.19218597724e-05
6.18773304821e-09	3.27492707584e-05
6.20160688913e-09	2.85471269308e-05
6.21548073004e-09	1.98052257474e-05
6.22935457096e-09	7.62938861953e-06
6.24322841187e-09	-6.39328300167e-06
6.25710225279e-09	-2.04325224331e-05
6.2709760937e-09	-3.26407243847e-05
6.28484993462e-09	-4.14141650253e-05
6.29872377553e-09	-4.55873123428e-05
6.31259761645e-09	-4.45884252258e-05
6.32647145737e-09	-3.8498739741e-05
6.34034529828e-09	-2.80428394035e-05
6.3542191392e-09	-1.45048616105e-05
6.36809298011e-09	4.39119048679e-07
6.38196682103e-09	1.49000343299e-05
6.39584066194e-09	2.70130276476e-05
