0	7.3419e-05
4.2511e-13	7.66182e-05
8.50221e-13	7.9899e-05
1.27533e-12	8.32627e-05
1.70044e-12	8.67101e-05
2.12555e-12	9.02423e-05
2.55066e-12	9.38602e-05
2.97577e-12	9.75646e-05
3.40088e-12	0.000101357
3.82599e-12	0.000105237
4.2511e-12	0.000109206
4.67621e-12	0.000113266
5.10132e-12	0.000117416
5.52643e-12	0.000121658
5.95154e-12	0.000125992
6.37666e-12	0.000130419
6.80177e-12	0.00013494
7.22688e-12	0.000139555
7.65199e-12	0.000144264
8.0771e-12	0.000149068
8.50221e-12	0.000153968
8.92732e-12	0.000158965
9.35243e-12	0.000164057
9.77754e-12	0.000169246
1.02026e-11	0.000174532
1.06278e-11	0.000179914
1.10529e-11	0.000185394
1.1478e-11	0.000190971
1.19031e-11	0.000196645
1.23282e-11	0.000202417
1.27533e-11	0.000208285
1.31784e-11	0.000214249
1.36035e-11	0.00022031
1.40286e-11	0.000226467
1.44538e-11	0.000232719
1.48789e-11	0.000239066
1.5304e-11	0.000245507
1.57291e-11	0.000252042
1.61542e-11	0.000258669
1.65793e-11	0.000265388
1.70044e-11	0.000272197
1.74295e-11	0.000279096
1.78546e-11	0.000286083
1.82797e-11	0.000293156
1.87049e-11	0.000300315
1.913e-11	0.000307558
1.95551e-11	0.000314883
1.99802e-11	0.000322288
2.04053e-11	0.000329772
2.08304e-11	0.000337331
2.12555e-11	0.000344964
2.16806e-11	0.000352669
2.21057e-11	0.000360443
2.25308e-11	0.000368284
2.2956e-11	0.000376188
2.33811e-11	0.000384153
2.38062e-11	0.000392176
2.42313e-11	0.000400253
2.46564e-11	0.000408381
2.50815e-11	0.000416557
2.55066e-11	0.000424776
2.59317e-11	0.000433035
2.63568e-11	0.00044133
2.6782e-11	0.000449657
2.72071e-11	0.00045801
2.76322e-11	0.000466387
2.80573e-11	0.000474781
2.84824e-11	0.000483187
2.89075e-11	0.000491602
2.93326e-11	0.000500018
2.97577e-11	0.000508431
3.01828e-11	0.000516835
3.06079e-11	0.000525224
3.10331e-11	0.000533592
3.14582e-11	0.000541932
3.18833e-11	0.000550237
3.23084e-11	0.000558502
3.27335e-11	0.000566718
3.31586e-11	0.000574878
3.35837e-11	0.000582975
3.40088e-11	0.000591002
3.44339e-11	0.000598949
3.4859e-11	0.00060681
3.52842e-11	0.000614575
3.57093e-11	0.000622235
3.61344e-11	0.000629783
3.65595e-11	0.000637208
3.69846e-11	0.0006445
3.74097e-11	0.000651652
3.78348e-11	0.000658651
3.82599e-11	0.000665488
3.8685e-11	0.000672153
3.91102e-11	0.000678635
3.95353e-11	0.000684923
3.99604e-11	0.000691005
4.03855e-11	0.000696869
4.08106e-11	0.000702505
4.12357e-11	0.000707899
4.16608e-11	0.00071304
4.20859e-11	0.000717915
4.2511e-11	0.00072251
4.29361e-11	0.000726813
4.33613e-11	0.00073081
4.37864e-11	0.000734487
4.42115e-11	0.00073783
4.46366e-11	0.000740824
4.50617e-11	0.000743456
4.54868e-11	0.00074571
4.59119e-11	0.000747571
4.6337e-11	0.000749023
4.67621e-11	0.000750051
4.71872e-11	0.000750638
4.76124e-11	0.000750769
4.80375e-11	0.000750426
4.84626e-11	0.000749593
4.88877e-11	0.000748252
4.93128e-11	0.000746386
4.97379e-11	0.000743978
5.0163e-11	0.000741008
5.05881e-11	0.00073746
5.10132e-11	0.000733315
5.14384e-11	0.000728553
5.18635e-11	0.000723155
5.22886e-11	0.000717103
5.27137e-11	0.000710377
5.31388e-11	0.000702957
5.35639e-11	0.000694822
5.3989e-11	0.000685953
5.44141e-11	0.000676329
5.48392e-11	0.00066593
5.52643e-11	0.000654734
5.56895e-11	0.00064272
5.61146e-11	0.000629866
5.65397e-11	0.000616152
5.69648e-11	0.000601555
5.73899e-11	0.000586053
5.7815e-11	0.000569624
5.82401e-11	0.000552246
5.86652e-11	0.000533896
5.90903e-11	0.000514552
5.95154e-11	0.00049419
5.99406e-11	0.000472788
6.03657e-11	0.000450323
6.07908e-11	0.000426771
6.12159e-11	0.000402109
6.1641e-11	0.000376313
6.20661e-11	0.000349361
6.24912e-11	0.000321228
6.29163e-11	0.00029189
6.33414e-11	0.000261325
6.37666e-11	0.000229509
6.41917e-11	0.000196416
6.46168e-11	0.000162025
6.50419e-11	0.00012631
6.5467e-11	8.9249e-05
6.58921e-11	5.08172e-05
6.63172e-11	1.09913e-05
6.67423e-11	-3.02525e-05
6.71674e-11	-7.29376e-05
6.75925e-11	-0.000117088
6.80177e-11	-0.000162725
6.84428e-11	-0.000209875
6.88679e-11	-0.000258558
6.9293e-11	-0.000308799
6.97181e-11	-0.00036062
7.01432e-11	-0.000414043
7.05683e-11	-0.000469091
7.09934e-11	-0.000525785
7.14185e-11	-0.000584147
7.18437e-11	-0.000644199
7.22688e-11	-0.000705963
7.26939e-11	-0.000769457
7.3119e-11	-0.000834704
7.35441e-11	-0.000901723
7.39692e-11	-0.000970534
7.43943e-11	-0.00104116
7.48194e-11	-0.00111361
7.52445e-11	-0.00118791
7.56696e-11	-0.00126407
7.60948e-11	-0.00134212
7.65199e-11	-0.00142207
7.6945e-11	-0.00150393
7.73701e-11	-0.00158773
7.77952e-11	-0.00167347
7.82203e-11	-0.00176117
7.86454e-11	-0.00185085
7.90705e-11	-0.00194251
7.94956e-11	-0.00203617
7.99207e-11	-0.00213184
8.03459e-11	-0.00222954
8.0771e-11	-0.00232926
8.11961e-11	-0.00243102
8.16212e-11	-0.00253483
8.20463e-11	-0.00264069
8.24714e-11	-0.00274861
8.28965e-11	-0.0028586
8.33216e-11	-0.00297066
8.37467e-11	-0.00308478
8.41719e-11	-0.00320098
8.4597e-11	-0.00331926
8.50221e-11	-0.0034396
8.54472e-11	-0.00356202
8.58723e-11	-0.00368651
8.62974e-11	-0.00381306
8.67225e-11	-0.00394167
8.71476e-11	-0.00407234
8.75727e-11	-0.00420505
8.79978e-11	-0.00433979
8.8423e-11	-0.00447656
8.88481e-11	-0.00461534
8.92732e-11	-0.00475611
8.96983e-11	-0.00489887
9.01234e-11	-0.0050436
9.05485e-11	-0.00519027
9.09736e-11	-0.00533887
9.13987e-11	-0.00548937
9.18238e-11	-0.00564175
9.22489e-11	-0.00579599
9.26741e-11	-0.00595205
9.30992e-11	-0.00610992
9.35243e-11	-0.00626955
9.39494e-11	-0.00643092
9.43745e-11	-0.00659399
9.47996e-11	-0.00675873
9.52247e-11	-0.00692509
9.56498e-11	-0.00709304
9.60749e-11	-0.00726253
9.65001e-11	-0.00743352
9.69252e-11	-0.00760596
9.73503e-11	-0.0077798
9.77754e-11	-0.007955
9.82005e-11	-0.00813149
9.86256e-11	-0.00830923
9.90507e-11	-0.00848816
9.94758e-11	-0.00866821
9.99009e-11	-0.00884932
1.00326e-10	-0.00903143
1.00751e-10	-0.00921447
1.01176e-10	-0.00939838
1.01601e-10	-0.00958307
1.02026e-10	-0.00976848
1.02452e-10	-0.00995453
1.02877e-10	-0.0101411
1.03302e-10	-0.0103282
1.03727e-10	-0.0105157
1.04152e-10	-0.0107035
1.04577e-10	-0.0108915
1.05002e-10	-0.0110796
1.05427e-10	-0.0112678
1.05852e-10	-0.0114558
1.06278e-10	-0.0116438
1.06703e-10	-0.0118314
1.07128e-10	-0.0120187
1.07553e-10	-0.0122054
1.07978e-10	-0.0123916
1.08403e-10	-0.0125771
1.08828e-10	-0.0127618
1.09253e-10	-0.0129455
1.09678e-10	-0.0131281
1.10104e-10	-0.0133095
1.10529e-10	-0.0134897
1.10954e-10	-0.0136683
1.11379e-10	-0.0138454
1.11804e-10	-0.0140208
1.12229e-10	-0.0141943
1.12654e-10	-0.0143658
1.13079e-10	-0.0145352
1.13504e-10	-0.0147023
1.1393e-10	-0.0148669
1.14355e-10	-0.015029
1.1478e-10	-0.0151883
1.15205e-10	-0.0153447
1.1563e-10	-0.015498
1.16055e-10	-0.0156482
1.1648e-10	-0.0157949
1.16905e-10	-0.015938
1.1733e-10	-0.0160775
1.17756e-10	-0.016213
1.18181e-10	-0.0163444
1.18606e-10	-0.0164716
1.19031e-10	-0.0165944
1.19456e-10	-0.0167125
1.19881e-10	-0.0168258
1.20306e-10	-0.0169341
1.20731e-10	-0.0170372
1.21156e-10	-0.017135
1.21582e-10	-0.0172272
1.22007e-10	-0.0173136
1.22432e-10	-0.017394
1.22857e-10	-0.0174683
1.23282e-10	-0.0175361
1.23707e-10	-0.0175974
1.24132e-10	-0.0176519
1.24557e-10	-0.0176995
1.24982e-10	-0.0177398
1.25408e-10	-0.0177727
1.25833e-10	-0.0177979
1.26258e-10	-0.0178153
1.26683e-10	-0.0178246
1.27108e-10	-0.0178257
1.27533e-10	-0.0178182
1.27958e-10	-0.0178021
1.28383e-10	-0.0177769
1.28808e-10	-0.0177427
1.29234e-10	-0.017699
1.29659e-10	-0.0176457
1.30084e-10	-0.0175825
1.30509e-10	-0.0175093
1.30934e-10	-0.0174257
1.31359e-10	-0.0173317
1.31784e-10	-0.0172269
1.32209e-10	-0.0171111
1.32634e-10	-0.0169841
1.3306e-10	-0.0168457
1.33485e-10	-0.0166956
1.3391e-10	-0.0165336
1.34335e-10	-0.0163595
1.3476e-10	-0.016173
1.35185e-10	-0.015974
1.3561e-10	-0.0157622
1.36035e-10	-0.0155373
1.3646e-10	-0.0152992
1.36886e-10	-0.0150477
1.37311e-10	-0.0147824
1.37736e-10	-0.0145032
1.38161e-10	-0.01421
1.38586e-10	-0.0139023
1.39011e-10	-0.0135801
1.39436e-10	-0.0132432
1.39861e-10	-0.0128912
1.40286e-10	-0.0125241
1.40712e-10	-0.0121416
1.41137e-10	-0.0117435
1.41562e-10	-0.0113296
1.41987e-10	-0.0108997
1.42412e-10	-0.0104536
1.42837e-10	-0.00999111
1.43262e-10	-0.00951209
1.43687e-10	-0.00901633
1.44112e-10	-0.00850365
1.44538e-10	-0.00797387
1.44963e-10	-0.00742682
1.45388e-10	-0.00686234
1.45813e-10	-0.00628027
1.46238e-10	-0.00568045
1.46663e-10	-0.00506272
1.47088e-10	-0.00442695
1.47513e-10	-0.00377298
1.47938e-10	-0.00310069
1.48364e-10	-0.00240995
1.48789e-10	-0.00170063
1.49214e-10	-0.000972606
1.49639e-10	-0.000225779
1.50064e-10	0.000539961
1.50489e-10	0.00132471
1.50914e-10	0.00212857
1.51339e-10	0.00295161
1.51764e-10	0.00379391
1.5219e-10	0.00465554
1.52615e-10	0.00553657
1.5304e-10	0.00643705
1.53465e-10	0.00735703
1.5389e-10	0.00829653
1.54315e-10	0.0092556
1.5474e-10	0.0102342
1.55165e-10	0.0112325
1.5559e-10	0.0122503
1.56016e-10	0.0132877
1.56441e-10	0.0143447
1.56866e-10	0.0154213
1.57291e-10	0.0165173
1.57716e-10	0.0176329
1.58141e-10	0.0187678
1.58566e-10	0.0199221
1.58991e-10	0.0210956
1.59416e-10	0.0222884
1.59841e-10	0.0235002
1.60267e-10	0.024731
1.60692e-10	0.0259806
1.61117e-10	0.027249
1.61542e-10	0.0285359
1.61967e-10	0.0298413
1.62392e-10	0.031165
1.62817e-10	0.0325067
1.63242e-10	0.0338663
1.63667e-10	0.0352436
1.64093e-10	0.0366384
1.64518e-10	0.0380504
1.64943e-10	0.0394794
1.65368e-10	0.0409251
1.65793e-10	0.0423874
1.66218e-10	0.0438658
1.66643e-10	0.0453602
1.67068e-10	0.0468701
1.67493e-10	0.0483954
1.67919e-10	0.0499355
1.68344e-10	0.0514903
1.68769e-10	0.0530593
1.69194e-10	0.0546422
1.69619e-10	0.0562386
1.70044e-10	0.057848
1.70469e-10	0.0594701
1.70894e-10	0.0611044
1.71319e-10	0.0627505
1.71745e-10	0.0644079
1.7217e-10	0.0660761
1.72595e-10	0.0677547
1.7302e-10	0.0694431
1.73445e-10	0.0711409
1.7387e-10	0.0728474
1.74295e-10	0.0745623
1.7472e-10	0.0762848
1.75145e-10	0.0780144
1.75571e-10	0.0797505
1.75996e-10	0.0814926
1.76421e-10	0.0832399
1.76846e-10	0.084992
1.77271e-10	0.086748
1.77696e-10	0.0885074
1.78121e-10	0.0902694
1.78546e-10	0.0920335
1.78971e-10	0.0937988
1.79397e-10	0.0955647
1.79822e-10	0.0973304
1.80247e-10	0.0990952
1.80672e-10	0.100858
1.81097e-10	0.102619
1.81522e-10	0.104376
1.81947e-10	0.10613
1.82372e-10	0.107878
1.82797e-10	0.109621
1.83223e-10	0.111357
1.83648e-10	0.113086
1.84073e-10	0.114807
1.84498e-10	0.116518
1.84923e-10	0.118219
1.85348e-10	0.11991
1.85773e-10	0.121589
1.86198e-10	0.123254
1.86623e-10	0.124907
1.87049e-10	0.126544
1.87474e-10	0.128166
1.87899e-10	0.129771
1.88324e-10	0.131359
1.88749e-10	0.132928
1.89174e-10	0.134478
1.89599e-10	0.136007
1.90024e-10	0.137514
1.90449e-10	0.138999
1.90875e-10	0.14046
1.913e-10	0.141896
1.91725e-10	0.143307
1.9215e-10	0.14469
1.92575e-10	0.146046
1.93e-10	0.147373
1.93425e-10	0.14867
1.9385e-10	0.149936
1.94275e-10	0.15117
1.94701e-10	0.15237
1.95126e-10	0.153536
1.95551e-10	0.154666
1.95976e-10	0.15576
1.96401e-10	0.156815
1.96826e-10	0.157833
1.97251e-10	0.15881
1.97676e-10	0.159746
1.98101e-10	0.16064
1.98527e-10	0.16149
1.98952e-10	0.162296
1.99377e-10	0.163057
1.99802e-10	0.163771
2.00227e-10	0.164437
2.00652e-10	0.165054
2.01077e-10	0.165621
2.01502e-10	0.166137
2.01927e-10	0.166601
2.02353e-10	0.167011
2.02778e-10	0.167367
2.03203e-10	0.167668
2.03628e-10	0.167912
2.04053e-10	0.168098
2.04478e-10	0.168225
2.04903e-10	0.168293
2.05328e-10	0.1683
2.05753e-10	0.168245
2.06179e-10	0.168127
2.06604e-10	0.167944
2.07029e-10	0.167697
2.07454e-10	0.167384
2.07879e-10	0.167004
2.08304e-10	0.166556
2.08729e-10	0.166039
2.09154e-10	0.165452
2.09579e-10	0.164795
2.10005e-10	0.164065
2.1043e-10	0.163263
2.10855e-10	0.162388
2.1128e-10	0.161438
2.11705e-10	0.160412
2.1213e-10	0.159311
2.12555e-10	0.158133
2.1298e-10	0.156877
2.13405e-10	0.155543
2.13831e-10	0.154129
2.14256e-10	0.152635
2.14681e-10	0.151061
2.15106e-10	0.149406
2.15531e-10	0.147668
2.15956e-10	0.145848
2.16381e-10	0.143945
2.16806e-10	0.141958
2.17231e-10	0.139886
2.17657e-10	0.13773
2.18082e-10	0.135488
2.18507e-10	0.13316
2.18932e-10	0.130746
2.19357e-10	0.128246
2.19782e-10	0.125658
2.20207e-10	0.122982
2.20632e-10	0.120219
2.21057e-10	0.117368
2.21482e-10	0.114429
2.21908e-10	0.111401
2.22333e-10	0.108284
2.22758e-10	0.105079
2.23183e-10	0.101784
2.23608e-10	0.0984002
2.24033e-10	0.0949274
2.24458e-10	0.0913655
2.24883e-10	0.0877144
2.25308e-10	0.0839743
2.25734e-10	0.0801453
2.26159e-10	0.0762274
2.26584e-10	0.0722209
2.27009e-10	0.068126
2.27434e-10	0.063943
2.27859e-10	0.0596721
2.28284e-10	0.0553138
2.28709e-10	0.0508683
2.29134e-10	0.0463361
2.2956e-10	0.0417176
2.29985e-10	0.0370134
2.3041e-10	0.0322241
2.30835e-10	0.0273501
2.3126e-10	0.0223922
2.31685e-10	0.0173511
2.3211e-10	0.0122273
2.32535e-10	0.00702177
2.3296e-10	0.00173525
2.33386e-10	-0.00363141
2.33811e-10	-0.00907731
2.34236e-10	-0.0146015
2.34661e-10	-0.020203
2.35086e-10	-0.0258808
2.35511e-10	-0.0316338
2.35936e-10	-0.0374609
2.36361e-10	-0.0433609
2.36786e-10	-0.0493326
2.37212e-10	-0.0553748
2.37637e-10	-0.0614861
2.38062e-10	-0.0676653
2.38487e-10	-0.0739109
2.38912e-10	-0.0802214
2.39337e-10	-0.0865955
2.39762e-10	-0.0930316
2.40187e-10	-0.0995281
2.40612e-10	-0.106083
2.41038e-10	-0.112696
2.41463e-10	-0.119364
2.41888e-10	-0.126086
2.42313e-10	-0.132859
2.42738e-10	-0.139683
2.43163e-10	-0.146555
2.43588e-10	-0.153473
2.44013e-10	-0.160436
2.44438e-10	-0.167441
2.44864e-10	-0.174486
2.45289e-10	-0.18157
2.45714e-10	-0.18869
2.46139e-10	-0.195844
2.46564e-10	-0.203029
2.46989e-10	-0.210244
2.47414e-10	-0.217487
2.47839e-10	-0.224754
2.48264e-10	-0.232044
2.4869e-10	-0.239354
2.49115e-10	-0.246683
2.4954e-10	-0.254026
2.49965e-10	-0.261382
2.5039e-10	-0.268749
2.50815e-10	-0.276123
2.5124e-10	-0.283503
2.51665e-10	-0.290885
2.5209e-10	-0.298268
2.52516e-10	-0.305647
2.52941e-10	-0.313021
2.53366e-10	-0.320387
2.53791e-10	-0.327742
2.54216e-10	-0.335083
2.54641e-10	-0.342408
2.55066e-10	-0.349714
2.55491e-10	-0.356997
2.55916e-10	-0.364255
2.56342e-10	-0.371485
2.56767e-10	-0.378684
2.57192e-10	-0.385849
2.57617e-10	-0.392978
2.58042e-10	-0.400067
2.58467e-10	-0.407113
2.58892e-10	-0.414113
2.59317e-10	-0.421064
2.59742e-10	-0.427964
2.60168e-10	-0.434809
2.60593e-10	-0.441596
2.61018e-10	-0.448322
2.61443e-10	-0.454984
2.61868e-10	-0.461578
2.62293e-10	-0.468103
2.62718e-10	-0.474555
2.63143e-10	-0.48093
2.63568e-10	-0.487226
2.63994e-10	-0.493439
2.64419e-10	-0.499567
2.64844e-10	-0.505606
2.65269e-10	-0.511554
2.65694e-10	-0.517407
2.66119e-10	-0.523162
2.66544e-10	-0.528817
2.66969e-10	-0.534368
2.67394e-10	-0.539812
2.6782e-10	-0.545146
2.68245e-10	-0.550367
2.6867e-10	-0.555473
2.69095e-10	-0.560459
2.6952e-10	-0.565325
2.69945e-10	-0.570065
2.7037e-10	-0.574678
2.70795e-10	-0.579161
2.7122e-10	-0.583511
2.71646e-10	-0.587725
2.72071e-10	-0.5918
2.72496e-10	-0.595734
2.72921e-10	-0.599523
2.73346e-10	-0.603165
2.73771e-10	-0.606658
2.74196e-10	-0.609999
2.74621e-10	-0.613185
2.75046e-10	-0.616214
2.75472e-10	-0.619083
2.75897e-10	-0.621789
2.76322e-10	-0.624331
2.76747e-10	-0.626706
2.77172e-10	-0.628912
2.77597e-10	-0.630946
2.78022e-10	-0.632805
2.78447e-10	-0.634489
2.78872e-10	-0.635995
2.79298e-10	-0.63732
2.79723e-10	-0.638463
2.80148e-10	-0.639422
2.80573e-10	-0.640194
2.80998e-10	-0.640779
2.81423e-10	-0.641173
2.81848e-10	-0.641376
2.82273e-10	-0.641386
2.82698e-10	-0.6412
2.83123e-10	-0.640818
2.83549e-10	-0.640238
2.83974e-10	-0.639459
2.84399e-10	-0.638479
2.84824e-10	-0.637297
2.85249e-10	-0.635912
2.85674e-10	-0.634322
2.86099e-10	-0.632527
2.86524e-10	-0.630526
2.86949e-10	-0.628317
2.87375e-10	-0.625899
2.878e-10	-0.623273
2.88225e-10	-0.620437
2.8865e-10	-0.61739
2.89075e-10	-0.614133
2.895e-10	-0.610664
2.89925e-10	-0.606983
2.9035e-10	-0.60309
2.90775e-10	-0.598985
2.91201e-10	-0.594667
2.91626e-10	-0.590137
2.92051e-10	-0.585394
2.92476e-10	-0.580438
2.92901e-10	-0.57527
2.93326e-10	-0.56989
2.93751e-10	-0.564299
2.94176e-10	-0.558496
2.94601e-10	-0.552482
2.95027e-10	-0.546258
2.95452e-10	-0.539824
2.95877e-10	-0.533182
2.96302e-10	-0.526332
2.96727e-10	-0.519275
2.97152e-10	-0.512012
2.97577e-10	-0.504544
2.98002e-10	-0.496872
2.98427e-10	-0.488998
2.98853e-10	-0.480923
2.99278e-10	-0.472649
2.99703e-10	-0.464176
3.00128e-10	-0.455507
3.00553e-10	-0.446644
3.00978e-10	-0.437588
3.01403e-10	-0.42834
3.01828e-10	-0.418904
3.02253e-10	-0.409281
3.02679e-10	-0.399473
3.03104e-10	-0.389482
3.03529e-10	-0.379312
3.03954e-10	-0.368963
3.04379e-10	-0.358439
3.04804e-10	-0.347742
3.05229e-10	-0.336875
3.05654e-10	-0.32584
3.06079e-10	-0.314641
3.06505e-10	-0.303279
3.0693e-10	-0.291759
3.07355e-10	-0.280083
3.0778e-10	-0.268254
3.08205e-10	-0.256276
3.0863e-10	-0.244151
3.09055e-10	-0.231883
3.0948e-10	-0.219476
3.09905e-10	-0.206932
3.10331e-10	-0.194256
3.10756e-10	-0.181451
3.11181e-10	-0.16852
3.11606e-10	-0.155468
3.12031e-10	-0.142298
3.12456e-10	-0.129013
3.12881e-10	-0.115619
3.13306e-10	-0.102119
3.13731e-10	-0.0885172
3.14157e-10	-0.0748173
3.14582e-10	-0.0610236
3.15007e-10	-0.0471404
3.15432e-10	-0.033172
3.15857e-10	-0.0191226
3.16282e-10	-0.00499678
3.16707e-10	0.0092012
3.17132e-10	0.0234668
3.17557e-10	0.0377956
3.17983e-10	0.052183
3.18408e-10	0.0666243
3.18833e-10	0.081115
3.19258e-10	0.0956503
3.19683e-10	0.110226
3.20108e-10	0.124836
3.20533e-10	0.139477
3.20958e-10	0.154144
3.21383e-10	0.168831
3.21809e-10	0.183535
3.22234e-10	0.198249
3.22659e-10	0.212969
3.23084e-10	0.227691
3.23509e-10	0.242409
3.23934e-10	0.257119
3.24359e-10	0.271814
3.24784e-10	0.286491
3.25209e-10	0.301144
3.25635e-10	0.315769
3.2606e-10	0.33036
3.26485e-10	0.344912
3.2691e-10	0.359421
3.27335e-10	0.37388
3.2776e-10	0.388286
3.28185e-10	0.402633
3.2861e-10	0.416917
3.29035e-10	0.431131
3.29461e-10	0.445272
3.29886e-10	0.459334
3.30311e-10	0.473312
3.30736e-10	0.487202
3.31161e-10	0.500998
3.31586e-10	0.514695
3.32011e-10	0.528289
3.32436e-10	0.541775
3.32861e-10	0.555148
3.33287e-10	0.568403
3.33712e-10	0.581536
3.34137e-10	0.594541
3.34562e-10	0.607414
3.34987e-10	0.620151
3.35412e-10	0.632746
3.35837e-10	0.645196
3.36262e-10	0.657495
3.36687e-10	0.669639
3.37113e-10	0.681624
3.37538e-10	0.693446
3.37963e-10	0.705099
3.38388e-10	0.716581
3.38813e-10	0.727886
3.39238e-10	0.73901
3.39663e-10	0.74995
3.40088e-10	0.760701
3.40513e-10	0.77126
3.40939e-10	0.781621
3.41364e-10	0.791783
3.41789e-10	0.80174
3.42214e-10	0.81149
3.42639e-10	0.821028
3.43064e-10	0.830351
3.43489e-10	0.839456
3.43914e-10	0.848338
3.44339e-10	0.856996
3.44764e-10	0.865425
3.4519e-10	0.873623
3.45615e-10	0.881586
3.4604e-10	0.889312
3.46465e-10	0.896797
3.4689e-10	0.904038
3.47315e-10	0.911034
3.4774e-10	0.917781
3.48165e-10	0.924277
3.4859e-10	0.93052
3.49016e-10	0.936506
3.49441e-10	0.942234
3.49866e-10	0.947702
3.50291e-10	0.952907
3.50716e-10	0.957848
3.51141e-10	0.962523
3.51566e-10	0.96693
3.51991e-10	0.971067
3.52416e-10	0.974933
3.52842e-10	0.978526
3.53267e-10	0.981845
3.53692e-10	0.984888
3.54117e-10	0.987656
3.54542e-10	0.990145
3.54967e-10	0.992357
3.55392e-10	0.994288
3.55817e-10	0.99594
3.56242e-10	0.997312
3.56668e-10	0.998402
3.57093e-10	0.99921
3.57518e-10	0.999737
3.57943e-10	0.999981
3.58368e-10	0.999943
3.58793e-10	0.999623
3.59218e-10	0.999021
3.59643e-10	0.998138
3.60068e-10	0.996972
3.60494e-10	0.995526
3.60919e-10	0.993799
3.61344e-10	0.991792
3.61769e-10	0.989507
3.62194e-10	0.986943
3.62619e-10	0.984101
3.63044e-10	0.980984
3.63469e-10	0.977591
3.63894e-10	0.973925
3.6432e-10	0.969987
3.64745e-10	0.965777
3.6517e-10	0.961299
3.65595e-10	0.956553
3.6602e-10	0.951541
3.66445e-10	0.946265
3.6687e-10	0.940727
3.67295e-10	0.93493
3.6772e-10	0.928875
3.68146e-10	0.922564
3.68571e-10	0.916001
3.68996e-10	0.909187
3.69421e-10	0.902125
3.69846e-10	0.894818
3.70271e-10	0.887269
3.70696e-10	0.879479
3.71121e-10	0.871453
3.71546e-10	0.863193
3.71972e-10	0.854703
3.72397e-10	0.845985
3.72822e-10	0.837042
3.73247e-10	0.827879
3.73672e-10	0.818498
3.74097e-10	0.808903
3.74522e-10	0.799097
3.74947e-10	0.789085
3.75372e-10	0.778869
3.75798e-10	0.768455
3.76223e-10	0.757844
3.76648e-10	0.747042
3.77073e-10	0.736053
3.77498e-10	0.72488
3.77923e-10	0.713527
3.78348e-10	0.701999
3.78773e-10	0.6903
3.79198e-10	0.678434
3.79624e-10	0.666406
3.80049e-10	0.65422
3.80474e-10	0.64188
3.80899e-10	0.629391
3.81324e-10	0.616758
3.81749e-10	0.603984
3.82174e-10	0.591075
3.82599e-10	0.578035
3.83024e-10	0.56487
3.8345e-10	0.551583
3.83875e-10	0.538179
3.843e-10	0.524664
3.84725e-10	0.511041
3.8515e-10	0.497317
3.85575e-10	0.483496
3.86e-10	0.469582
3.86425e-10	0.455581
3.8685e-10	0.441497
3.87276e-10	0.427336
3.87701e-10	0.413103
3.88126e-10	0.398802
3.88551e-10	0.384439
3.88976e-10	0.370018
3.89401e-10	0.355545
3.89826e-10	0.341024
3.90251e-10	0.326461
3.90676e-10	0.31186
3.91102e-10	0.297228
3.91527e-10	0.282568
3.91952e-10	0.267885
3.92377e-10	0.253185
3.92802e-10	0.238473
3.93227e-10	0.223754
3.93652e-10	0.209032
3.94077e-10	0.194312
3.94502e-10	0.179601
3.94928e-10	0.164901
3.95353e-10	0.150219
3.95778e-10	0.135558
3.96203e-10	0.120925
3.96628e-10	0.106324
3.97053e-10	0.0917584
3.97478e-10	0.0772346
3.97903e-10	0.0627566
3.98328e-10	0.0483293
3.98754e-10	0.0339572
3.99179e-10	0.0196448
3.99604e-10	0.00539685
4.00029e-10	-0.00878228
4.00454e-10	-0.0228881
4.00879e-10	-0.0369162
4.01304e-10	-0.0508623
4.01729e-10	-0.0647219
4.02154e-10	-0.078491
4.0258e-10	-0.0921651
4.03005e-10	-0.10574
4.0343e-10	-0.119212
4.03855e-10	-0.132578
4.0428e-10	-0.145831
4.04705e-10	-0.15897
4.0513e-10	-0.17199
4.05555e-10	-0.184888
4.0598e-10	-0.197659
4.06405e-10	-0.2103
4.06831e-10	-0.222808
4.07256e-10	-0.235178
4.07681e-10	-0.247408
4.08106e-10	-0.259494
4.08531e-10	-0.271433
4.08956e-10	-0.283221
4.09381e-10	-0.294856
4.09806e-10	-0.306334
4.10231e-10	-0.317652
4.10657e-10	-0.328808
4.11082e-10	-0.339798
4.11507e-10	-0.35062
4.11932e-10	-0.361271
4.12357e-10	-0.371748
4.12782e-10	-0.38205
4.13207e-10	-0.392172
4.13632e-10	-0.402114
4.14057e-10	-0.411873
4.14483e-10	-0.421446
4.14908e-10	-0.430832
4.15333e-10	-0.440029
4.15758e-10	-0.449034
4.16183e-10	-0.457845
4.16608e-10	-0.466462
4.17033e-10	-0.474881
4.17458e-10	-0.483102
4.17883e-10	-0.491124
4.18309e-10	-0.498944
4.18734e-10	-0.506561
4.19159e-10	-0.513974
4.19584e-10	-0.521182
4.20009e-10	-0.528184
4.20434e-10	-0.534979
4.20859e-10	-0.541566
4.21284e-10	-0.547943
4.21709e-10	-0.554111
4.22135e-10	-0.560069
4.2256e-10	-0.565815
4.22985e-10	-0.57135
4.2341e-10	-0.576673
4.23835e-10	-0.581785
4.2426e-10	-0.586683
4.24685e-10	-0.591369
4.2511e-10	-0.595843
4.25535e-10	-0.600104
4.25961e-10	-0.604152
4.26386e-10	-0.607988
4.26811e-10	-0.611612
4.27236e-10	-0.615025
4.27661e-10	-0.618226
4.28086e-10	-0.621216
4.28511e-10	-0.623996
4.28936e-10	-0.626566
4.29361e-10	-0.628928
4.29787e-10	-0.631081
4.30212e-10	-0.633028
4.30637e-10	-0.634768
4.31062e-10	-0.636303
4.31487e-10	-0.637633
4.31912e-10	-0.638761
4.32337e-10	-0.639687
4.32762e-10	-0.640413
4.33187e-10	-0.64094
4.33613e-10	-0.641269
4.34038e-10	-0.641402
4.34463e-10	-0.641341
4.34888e-10	-0.641086
4.35313e-10	-0.640641
4.35738e-10	-0.640006
4.36163e-10	-0.639184
4.36588e-10	-0.638175
4.37013e-10	-0.636984
4.37439e-10	-0.63561
4.37864e-10	-0.634056
4.38289e-10	-0.632325
4.38714e-10	-0.630418
4.39139e-10	-0.628339
4.39564e-10	-0.626087
4.39989e-10	-0.623668
4.40414e-10	-0.621081
4.40839e-10	-0.618331
4.41265e-10	-0.615419
4.4169e-10	-0.612348
4.42115e-10	-0.609121
4.4254e-10	-0.605739
4.42965e-10	-0.602206
4.4339e-10	-0.598524
4.43815e-10	-0.594695
4.4424e-10	-0.590724
4.44665e-10	-0.586611
4.45091e-10	-0.582361
4.45516e-10	-0.577975
4.45941e-10	-0.573457
4.46366e-10	-0.56881
4.46791e-10	-0.564035
4.47216e-10	-0.559137
4.47641e-10	-0.554119
4.48066e-10	-0.548982
4.48491e-10	-0.54373
4.48917e-10	-0.538366
4.49342e-10	-0.532893
4.49767e-10	-0.527315
4.50192e-10	-0.521633
4.50617e-10	-0.515851
4.51042e-10	-0.509972
4.51467e-10	-0.504
4.51892e-10	-0.497937
4.52317e-10	-0.491785
4.52743e-10	-0.48555
4.53168e-10	-0.479232
4.53593e-10	-0.472836
4.54018e-10	-0.466365
4.54443e-10	-0.459821
4.54868e-10	-0.453208
4.55293e-10	-0.446529
4.55718e-10	-0.439786
4.56143e-10	-0.432984
4.56569e-10	-0.426124
4.56994e-10	-0.41921
4.57419e-10	-0.412245
4.57844e-10	-0.405232
4.58269e-10	-0.398175
4.58694e-10	-0.391075
4.59119e-10	-0.383936
4.59544e-10	-0.376762
4.59969e-10	-0.369554
4.60395e-10	-0.362316
4.6082e-10	-0.355051
4.61245e-10	-0.347762
4.6167e-10	-0.340451
4.62095e-10	-0.333121
4.6252e-10	-0.325776
4.62945e-10	-0.318418
4.6337e-10	-0.31105
4.63795e-10	-0.303674
4.64221e-10	-0.296293
4.64646e-10	-0.288911
4.65071e-10	-0.281529
4.65496e-10	-0.27415
4.65921e-10	-0.266778
4.66346e-10	-0.259414
4.66771e-10	-0.25206
4.67196e-10	-0.244721
4.67621e-10	-0.237397
4.68047e-10	-0.230092
4.68472e-10	-0.222808
4.68897e-10	-0.215547
4.69322e-10	-0.208312
4.69747e-10	-0.201104
4.70172e-10	-0.193927
4.70597e-10	-0.186782
4.71022e-10	-0.179672
4.71447e-10	-0.172598
4.71872e-10	-0.165563
4.72298e-10	-0.158569
4.72723e-10	-0.151618
4.73148e-10	-0.144712
4.73573e-10	-0.137853
4.73998e-10	-0.131043
4.74423e-10	-0.124283
4.74848e-10	-0.117575
4.75273e-10	-0.110922
4.75698e-10	-0.104324
4.76124e-10	-0.0977847
4.76549e-10	-0.0913042
4.76974e-10	-0.0848845
4.77399e-10	-0.0785273
4.77824e-10	-0.0722339
4.78249e-10	-0.066006
4.78674e-10	-0.0598448
4.79099e-10	-0.0537518
4.79524e-10	-0.0477284
4.7995e-10	-0.0417757
4.80375e-10	-0.0358951
4.808e-10	-0.0300877
4.81225e-10	-0.0243547
4.8165e-10	-0.0186973
4.82075e-10	-0.0131163
4.825e-10	-0.00761298
4.82925e-10	-0.00218819
4.8335e-10	0.00315712
4.83776e-10	0.00842207
4.84201e-10	0.0136058
4.84626e-10	0.0187075
4.85051e-10	0.0237265
4.85476e-10	0.028662
4.85901e-10	0.0335134
4.86326e-10	0.03828
4.86751e-10	0.0429613
4.87176e-10	0.0475568
4.87602e-10	0.0520658
4.88027e-10	0.056488
4.88452e-10	0.0608231
4.88877e-10	0.0650705
4.89302e-10	0.0692299
4.89727e-10	0.0733012
4.90152e-10	0.077284
4.90577e-10	0.0811781
4.91002e-10	0.0849834
4.91428e-10	0.0886997
4.91853e-10	0.0923269
4.92278e-10	0.095865
4.92703e-10	0.099314
4.93128e-10	0.102674
4.93553e-10	0.105945
4.93978e-10	0.109126
4.94403e-10	0.112219
4.94828e-10	0.115224
4.95254e-10	0.11814
4.95679e-10	0.120967
4.96104e-10	0.123707
4.96529e-10	0.126358
4.96954e-10	0.128923
4.97379e-10	0.1314
4.97804e-10	0.133791
4.98229e-10	0.136096
4.98654e-10	0.138315
4.9908e-10	0.140449
4.99505e-10	0.142497
4.9993e-10	0.144462
5.00355e-10	0.146343
5.0078e-10	0.148141
5.01205e-10	0.149857
5.0163e-10	0.15149
5.02055e-10	0.153043
5.0248e-10	0.154515
5.02906e-10	0.155907
5.03331e-10	0.157221
5.03756e-10	0.158456
5.04181e-10	0.159613
5.04606e-10	0.160694
5.05031e-10	0.161699
5.05456e-10	0.162629
5.05881e-10	0.163485
5.06306e-10	0.164267
5.06732e-10	0.164978
5.07157e-10	0.165616
5.07582e-10	0.166184
5.08007e-10	0.166683
5.08432e-10	0.167113
5.08857e-10	0.167475
5.09282e-10	0.16777
5.09707e-10	0.168
5.10132e-10	0.168164
5.10558e-10	0.168266
5.10983e-10	0.168304
5.11408e-10	0.168281
5.11833e-10	0.168197
5.12258e-10	0.168054
5.12683e-10	0.167852
5.13108e-10	0.167593
5.13533e-10	0.167278
5.13958e-10	0.166907
5.14384e-10	0.166482
5.14809e-10	0.166004
5.15234e-10	0.165474
5.15659e-10	0.164894
5.16084e-10	0.164263
5.16509e-10	0.163584
5.16934e-10	0.162858
5.17359e-10	0.162085
5.17784e-10	0.161267
5.1821e-10	0.160405
5.18635e-10	0.159499
5.1906e-10	0.158552
5.19485e-10	0.157564
5.1991e-10	0.156537
5.20335e-10	0.155471
5.2076e-10	0.154367
5.21185e-10	0.153227
5.2161e-10	0.152052
5.22036e-10	0.150843
5.22461e-10	0.149601
5.22886e-10	0.148326
5.23311e-10	0.147021
5.23736e-10	0.145687
5.24161e-10	0.144323
5.24586e-10	0.142932
5.25011e-10	0.141514
5.25436e-10	0.140071
5.25862e-10	0.138604
5.26287e-10	0.137113
5.26712e-10	0.1356
5.27137e-10	0.134065
5.27562e-10	0.13251
5.27987e-10	0.130936
5.28412e-10	0.129344
5.28837e-10	0.127734
5.29262e-10	0.126108
5.29688e-10	0.124466
5.30113e-10	0.12281
5.30538e-10	0.121141
5.30963e-10	0.119459
5.31388e-10	0.117765
5.31813e-10	0.116061
5.32238e-10	0.114347
5.32663e-10	0.112624
5.33088e-10	0.110893
5.33513e-10	0.109155
5.33939e-10	0.107411
5.34364e-10	0.105661
5.34789e-10	0.103907
5.35214e-10	0.102148
5.35639e-10	0.100387
5.36064e-10	0.0986233
5.36489e-10	0.0968582
5.36914e-10	0.0950924
5.37339e-10	0.0933265
5.37765e-10	0.0915615
5.3819e-10	0.0897979
5.38615e-10	0.0880365
5.3904e-10	0.0862779
5.39465e-10	0.0845229
5.3989e-10	0.0827721
5.40315e-10	0.0810261
5.4074e-10	0.0792856
5.41165e-10	0.0775511
5.41591e-10	0.0758233
5.42016e-10	0.0741028
5.42441e-10	0.0723902
5.42866e-10	0.0706859
5.43291e-10	0.0689906
5.43716e-10	0.0673047
5.44141e-10	0.0656289
5.44566e-10	0.0639635
5.44991e-10	0.0623091
5.45417e-10	0.0606661
5.45842e-10	0.059035
5.46267e-10	0.0574163
5.46692e-10	0.0558103
5.47117e-10	0.0542175
5.47542e-10	0.0526383
5.47967e-10	0.0510731
5.48392e-10	0.0495222
5.48817e-10	0.0479859
5.49243e-10	0.0464648
5.49668e-10	0.0449589
5.50093e-10	0.0434688
5.50518e-10	0.0419947
5.50943e-10	0.0405368
5.51368e-10	0.0390955
5.51793e-10	0.037671
5.52218e-10	0.0362636
5.52643e-10	0.0348735
5.53069e-10	0.0335009
5.53494e-10	0.0321461
5.53919e-10	0.0308092
5.54344e-10	0.0294904
5.54769e-10	0.0281899
5.55194e-10	0.0269079
5.55619e-10	0.0256445
5.56044e-10	0.0243999
5.56469e-10	0.0231742
5.56895e-10	0.0219675
5.5732e-10	0.0207799
5.57745e-10	0.0196115
5.5817e-10	0.0184623
5.58595e-10	0.0173326
5.5902e-10	0.0162223
5.59445e-10	0.0151314
5.5987e-10	0.0140601
5.60295e-10	0.0130083
5.60721e-10	0.0119762
5.61146e-10	0.0109636
5.61571e-10	0.00997056
5.61996e-10	0.00899716
5.62421e-10	0.00804332
5.62846e-10	0.00710905
5.63271e-10	0.00619429
5.63696e-10	0.00529902
5.64121e-10	0.00442318
5.64547e-10	0.00356673
5.64972e-10	0.00272958
5.65397e-10	0.00191168
5.65822e-10	0.00111295
5.66247e-10	0.00033329
5.66672e-10	-0.000427382
5.67097e-10	-0.00116917
5.67522e-10	-0.00189218
5.67947e-10	-0.00259652
5.68373e-10	-0.00328231
5.68798e-10	-0.00394969
5.69223e-10	-0.00459877
5.69648e-10	-0.00522971
5.70073e-10	-0.00584263
5.70498e-10	-0.00643769
5.70923e-10	-0.00701504
5.71348e-10	-0.00757484
5.71773e-10	-0.00811725
5.72199e-10	-0.00864244
5.72624e-10	-0.00915058
5.73049e-10	-0.00964185
5.73474e-10	-0.0101164
5.73899e-10	-0.0105745
5.74324e-10	-0.0110162
5.74749e-10	-0.0114418
5.75174e-10	-0.0118515
5.75599e-10	-0.0122454
5.76025e-10	-0.0126238
5.7645e-10	-0.0129868
5.76875e-10	-0.0133348
5.773e-10	-0.0136677
5.77725e-10	-0.013986
5.7815e-10	-0.0142898
5.78575e-10	-0.0145793
5.79e-10	-0.0148547
5.79425e-10	-0.0151163
5.79851e-10	-0.0153642
5.80276e-10	-0.0155988
5.80701e-10	-0.0158201
5.81126e-10	-0.0160285
5.81551e-10	-0.0162241
5.81976e-10	-0.0164073
5.82401e-10	-0.0165781
5.82826e-10	-0.0167369
5.83251e-10	-0.0168838
5.83677e-10	-0.0170192
5.84102e-10	-0.0171432
5.84527e-10	-0.017256
5.84952e-10	-0.0173579
5.85377e-10	-0.0174491
5.85802e-10	-0.0175299
5.86227e-10	-0.0176004
5.86652e-10	-0.0176609
5.87077e-10	-0.0177116
5.87503e-10	-0.0177527
5.87928e-10	-0.0177846
5.88353e-10	-0.0178073
5.88778e-10	-0.0178211
5.89203e-10	-0.0178262
5.89628e-10	-0.017823
5.90053e-10	-0.0178114
5.90478e-10	-0.0177919
5.90903e-10	-0.0177646
5.91329e-10	-0.0177297
5.91754e-10	-0.0176874
5.92179e-10	-0.017638
5.92604e-10	-0.0175817
5.93029e-10	-0.0175186
5.93454e-10	-0.017449
5.93879e-10	-0.0173731
5.94304e-10	-0.017291
5.94729e-10	-0.0172031
5.95154e-10	-0.0171094
5.9558e-10	-0.0170102
5.96005e-10	-0.0169056
5.9643e-10	-0.016796
5.96855e-10	-0.0166814
5.9728e-10	-0.016562
5.97705e-10	-0.016438
5.9813e-10	-0.0163097
5.98555e-10	-0.0161771
5.9898e-10	-0.0160406
5.99406e-10	-0.0159001
5.99831e-10	-0.015756
6.00256e-10	-0.0156083
6.00681e-10	-0.0154573
6.01106e-10	-0.0153032
6.01531e-10	-0.015146
6.01956e-10	-0.0149859
6.02381e-10	-0.0148231
6.02806e-10	-0.0146578
6.03232e-10	-0.0144901
6.03657e-10	-0.0143202
6.04082e-10	-0.0141481
6.04507e-10	-0.0139741
6.04932e-10	-0.0137982
6.05357e-10	-0.0136207
6.05782e-10	-0.0134416
6.06207e-10	-0.0132611
6.06632e-10	-0.0130794
6.07058e-10	-0.0128964
6.07483e-10	-0.0127125
6.07908e-10	-0.0125276
6.08333e-10	-0.0123419
6.08758e-10	-0.0121555
6.09183e-10	-0.0119686
6.09608e-10	-0.0117812
6.10033e-10	-0.0115935
6.10458e-10	-0.0114055
6.10884e-10	-0.0112174
6.11309e-10	-0.0110293
6.11734e-10	-0.0108412
6.12159e-10	-0.0106532
6.12584e-10	-0.0104655
6.13009e-10	-0.0102781
6.13434e-10	-0.0100912
6.13859e-10	-0.00990471
6.14284e-10	-0.00971882
6.1471e-10	-0.0095336
6.15135e-10	-0.00934911
6.1556e-10	-0.00916543
6.15985e-10	-0.00898263
6.1641e-10	-0.00880078
6.16835e-10	-0.00861994
6.1726e-10	-0.00844019
6.17685e-10	-0.00826158
6.1811e-10	-0.00808416
6.18536e-10	-0.00790801
6.18961e-10	-0.00773317
6.19386e-10	-0.0075597
6.19811e-10	-0.00738764
6.20236e-10	-0.00721704
6.20661e-10	-0.00704796
6.21086e-10	-0.00688043
6.21511e-10	-0.0067145
6.21936e-10	-0.00655021
6.22362e-10	-0.00638759
6.22787e-10	-0.00622668
6.23212e-10	-0.00606752
6.23637e-10	-0.00591013
6.24062e-10	-0.00575455
6.24487e-10	-0.00560081
6.24912e-10	-0.00544893
6.25337e-10	-0.00529893
6.25762e-10	-0.00515085
6.26188e-10	-0.0050047
6.26613e-10	-0.0048605
6.27038e-10	-0.00471827
6.27463e-10	-0.00457802
6.27888e-10	-0.00443978
6.28313e-10	-0.00430355
6.28738e-10	-0.00416935
6.29163e-10	-0.00403719
6.29588e-10	-0.00390707
6.30014e-10	-0.00377901
6.30439e-10	-0.00365301
6.30864e-10	-0.00352908
6.31289e-10	-0.00340721
6.31714e-10	-0.00328742
6.32139e-10	-0.0031697
6.32564e-10	-0.00305405
6.32989e-10	-0.00294048
6.33414e-10	-0.00282898
6.3384e-10	-0.00271955
6.34265e-10	-0.00261218
6.3469e-10	-0.00250686
6.35115e-10	-0.0024036
6.3554e-10	-0.00230239
6.35965e-10	-0.00220321
6.3639e-10	-0.00210606
6.36815e-10	-0.00201092
6.3724e-10	-0.0019178
6.37666e-10	-0.00182667
6.38091e-10	-0.00173752
6.38516e-10	-0.00165034
6.38941e-10	-0.00156513
6.39366e-10	-0.00148185
6.39791e-10	-0.0014005
6.40216e-10	-0.00132106
6.40641e-10	-0.00124352
6.41066e-10	-0.00116785
6.41492e-10	-0.00109405
6.41917e-10	-0.00102209
6.42342e-10	-0.000951952
6.42767e-10	-0.000883623
6.43192e-10	-0.00081708
6.43617e-10	-0.000752304
6.44042e-10	-0.000689274
6.44467e-10	-0.000627971
6.44892e-10	-0.000568372
6.45318e-10	-0.000510458
6.45743e-10	-0.000454206
6.46168e-10	-0.000399596
6.46593e-10	-0.000346603
6.47018e-10	-0.000295207
6.47443e-10	-0.000245385
6.47868e-10	-0.000197114
6.48293e-10	-0.000150372
6.48718e-10	-0.000105134
6.49144e-10	-6.13781e-05
6.49569e-10	-1.90808e-05
6.49994e-10	2.17815e-05
6.50419e-10	6.12322e-05
6.50844e-10	9.92951e-05
6.51269e-10	0.000135994
6.51694e-10	0.000171352
6.52119e-10	0.000205394
6.52544e-10	0.000238143
6.5297e-10	0.000269622
6.53395e-10	0.000299857
6.5382e-10	0.000328869
6.54245e-10	0.000356684
6.5467e-10	0.000383325
6.55095e-10	0.000408815
6.5552e-10	0.000433178
6.55945e-10	0.000456437
6.5637e-10	0.000478616
6.56795e-10	0.000499737
6.57221e-10	0.000519825
6.57646e-10	0.000538901
6.58071e-10	0.000556989
6.58496e-10	0.00057411
6.58921e-10	0.000590289
6.59346e-10	0.000605547
6.59771e-10	0.000619906
6.60196e-10	0.000633387
6.60621e-10	0.000646014
6.61047e-10	0.000657808
6.61472e-10	0.000668789
6.61897e-10	0.000678979
6.62322e-10	0.000688399
6.62747e-10	0.000697069
6.63172e-10	0.00070501
6.63597e-10	0.000712243
6.64022e-10	0.000718787
6.64447e-10	0.000724662
6.64873e-10	0.000729888
6.65298e-10	0.000734483
6.65723e-10	0.000738467
6.66148e-10	0.000741859
6.66573e-10	0.000744676
6.66998e-10	0.000746938
6.67423e-10	0.000748661
6.67848e-10	0.000749865
6.68273e-10	0.000750565
6.68699e-10	0.00075078
6.69124e-10	0.000750525
6.69549e-10	0.000749819
6.69974e-10	0.000748676
6.70399e-10	0.000747113
6.70824e-10	0.000745145
6.71249e-10	0.000742789
6.71674e-10	0.000740058
6.72099e-10	0.000736969
6.72525e-10	0.000733535
6.7295e-10	0.000729771
6.73375e-10	0.000725691
6.738e-10	0.000721309
6.74225e-10	0.000716638
6.7465e-10	0.000711691
6.75075e-10	0.000706481
6.755e-10	0.000701021
6.75925e-10	0.000695323
6.76351e-10	0.000689399
6.76776e-10	0.000683261
6.77201e-10	0.00067692
6.77626e-10	0.000670388
6.78051e-10	0.000663676
6.78476e-10	0.000656794
6.78901e-10	0.000649753
6.79326e-10	0.000642563
6.79751e-10	0.000635234
6.80177e-10	0.000627776
6.80602e-10	0.000620197
6.81027e-10	0.000612508
6.81452e-10	0.000604716
6.81877e-10	0.000596832
6.82302e-10	0.000588862
6.82727e-10	0.000580816
6.83152e-10	0.000572701
6.83577e-10	0.000564525
6.84003e-10	0.000556296
6.84428e-10	0.00054802
6.84853e-10	0.000539704
6.85278e-10	0.000531356
6.85703e-10	0.000522982
6.86128e-10	0.000514589
6.86553e-10	0.000506182
6.86978e-10	0.000497767
6.87403e-10	0.000489351
6.87829e-10	0.000480938
6.88254e-10	0.000472534
6.88679e-10	0.000464144
6.89104e-10	0.000455774
6.89529e-10	0.000447427
6.89954e-10	0.000439108
6.90379e-10	0.000430822
6.90804e-10	0.000422573
6.91229e-10	0.000414365
6.91655e-10	0.000406202
6.9208e-10	0.000398087
6.92505e-10	0.000390025
6.9293e-10	0.000382017
6.93355e-10	0.000374068
6.9378e-10	0.000366181
6.94205e-10	0.000358358
6.9463e-10	0.000350602
6.95055e-10	0.000342916
6.95481e-10	0.000335302
6.95906e-10	0.000327762
6.96331e-10	0.0003203
6.96756e-10	0.000312916
6.97181e-10	0.000305613
6.97606e-10	0.000298392
6.98031e-10	0.000291256
6.98456e-10	0.000284205
6.98881e-10	0.000277242
6.99307e-10	0.000270367
6.99732e-10	0.000263582
7.00157e-10	0.000256887
7.00582e-10	0.000250285
7.01007e-10	0.000243775
7.01432e-10	0.000237359
7.01857e-10	0.000231037
7.02282e-10	0.000224811
7.02707e-10	0.00021868
7.03133e-10	0.000212644
7.03558e-10	0.000206706
7.03983e-10	0.000200864
7.04408e-10	0.000195118
7.04833e-10	0.00018947
7.05258e-10	0.000183919
7.05683e-10	0.000178465
7.06108e-10	0.000173108
7.06533e-10	0.000167848
7.06959e-10	0.000162685
7.07384e-10	0.000157619
7.07809e-10	0.000152648
7.08234e-10	0.000147774
7.08659e-10	0.000142995
7.09084e-10	0.000138311
7.09509e-10	0.000133722
7.09934e-10	0.000129226
7.10359e-10	0.000124824
7.10785e-10	0.000120515
7.1121e-10	0.000116297
7.11635e-10	0.000112171
7.1206e-10	0.000108136
7.12485e-10	0.00010419
7.1291e-10	0.000100334
7.13335e-10	9.65653e-05
7.1376e-10	9.28841e-05
7.14185e-10	8.92892e-05
7.14611e-10	8.57798e-05
7.15036e-10	8.23549e-05
7.15461e-10	7.90134e-05
7.15886e-10	7.57545e-05
