2.12555e-13	7.50084e-05
6.37666e-13	7.82483e-05
1.06278e-12	8.15705e-05
1.48789e-12	8.49759e-05
1.913e-12	8.84656e-05
2.33811e-12	9.20405e-05
2.76322e-12	9.57015e-05
3.18833e-12	9.94496e-05
3.61344e-12	0.000103286
4.03855e-12	0.000107211
4.46366e-12	0.000111225
4.88877e-12	0.00011533
5.31388e-12	0.000119526
5.73899e-12	0.000123814
6.1641e-12	0.000128194
6.58921e-12	0.000132668
7.01432e-12	0.000137236
7.43943e-12	0.000141897
7.86454e-12	0.000146654
8.28965e-12	0.000151506
8.71476e-12	0.000156454
9.13987e-12	0.000161499
9.56498e-12	0.000166639
9.99009e-12	0.000171877
1.04152e-11	0.000177211
1.08403e-11	0.000182642
1.12654e-11	0.000188171
1.16905e-11	0.000193796
1.21156e-11	0.000199519
1.25408e-11	0.000205339
1.29659e-11	0.000211255
1.3391e-11	0.000217268
1.38161e-11	0.000223377
1.42412e-11	0.000229581
1.46663e-11	0.000235881
1.50914e-11	0.000242275
1.55165e-11	0.000248763
1.59416e-11	0.000255344
1.63667e-11	0.000262017
1.67919e-11	0.000268781
1.7217e-11	0.000275635
1.76421e-11	0.000282578
1.80672e-11	0.000289609
1.84923e-11	0.000296725
1.89174e-11	0.000303927
1.93425e-11	0.000311211
1.97676e-11	0.000318576
2.01927e-11	0.00032602
2.06179e-11	0.000333542
2.1043e-11	0.000341139
2.14681e-11	0.000348808
2.18932e-11	0.000356548
2.23183e-11	0.000364356
2.27434e-11	0.000372228
2.31685e-11	0.000380163
2.35936e-11	0.000388157
2.40187e-11	0.000396208
2.44438e-11	0.000404311
2.4869e-11	0.000412463
2.52941e-11	0.000420661
2.57192e-11	0.000428901
2.61443e-11	0.000437178
2.65694e-11	0.00044549
2.69945e-11	0.000453831
2.74196e-11	0.000462196
2.78447e-11	0.000470582
2.82698e-11	0.000478983
2.86949e-11	0.000487394
2.91201e-11	0.00049581
2.95452e-11	0.000504226
2.99703e-11	0.000512635
3.03954e-11	0.000521032
3.08205e-11	0.000529411
3.12456e-11	0.000537766
3.16707e-11	0.000546089
3.20958e-11	0.000554375
3.25209e-11	0.000562616
3.29461e-11	0.000570805
3.33712e-11	0.000578935
3.37963e-11	0.000586998
3.42214e-11	0.000594986
3.46465e-11	0.000602891
3.50716e-11	0.000610705
3.54967e-11	0.000618419
3.59218e-11	0.000626024
3.63469e-11	0.000633511
3.6772e-11	0.000640871
3.71972e-11	0.000648094
3.76223e-11	0.000655171
3.80474e-11	0.000662091
3.84725e-11	0.000668843
3.88976e-11	0.000675418
3.93227e-11	0.000681804
3.97478e-11	0.00068799
4.01729e-11	0.000693965
4.0598e-11	0.000699717
4.10231e-11	0.000705233
4.14483e-11	0.000710502
4.18734e-11	0.000715512
4.22985e-11	0.000720248
4.27236e-11	0.000724699
4.31487e-11	0.00072885
4.35738e-11	0.000732689
4.39989e-11	0.000736201
4.4424e-11	0.000739372
4.48491e-11	0.000742187
4.52743e-11	0.000744631
4.56994e-11	0.000746691
4.61245e-11	0.000748349
4.65496e-11	0.000749591
4.69747e-11	0.000750401
4.73998e-11	0.000750762
4.78249e-11	0.000750658
4.825e-11	0.000750072
4.86751e-11	0.000748987
4.91002e-11	0.000747386
4.95254e-11	0.000745251
4.99505e-11	0.000742564
5.03756e-11	0.000739308
5.08007e-11	0.000735463
5.12258e-11	0.000731012
5.16509e-11	0.000725935
5.2076e-11	0.000720212
5.25011e-11	0.000713826
5.29262e-11	0.000706755
5.33513e-11	0.00069898
5.37765e-11	0.000690481
5.42016e-11	0.000681237
5.46267e-11	0.000671228
5.50518e-11	0.000660433
5.54769e-11	0.00064883
5.5902e-11	0.000636399
5.63271e-11	0.000623118
5.67522e-11	0.000608965
5.71773e-11	0.000593918
5.76025e-11	0.000577956
5.80276e-11	0.000561055
5.84527e-11	0.000543194
5.88778e-11	0.00052435
5.93029e-11	0.0005045
5.9728e-11	0.000483621
6.01531e-11	0.00046169
6.05782e-11	0.000438684
6.10033e-11	0.00041458
6.14284e-11	0.000389354
6.18536e-11	0.000362983
6.22787e-11	0.000335443
6.27038e-11	0.000306711
6.31289e-11	0.000276763
6.3554e-11	0.000245575
6.39791e-11	0.000213123
6.44042e-11	0.000179384
6.48293e-11	0.000144334
6.52544e-11	0.000107949
6.56795e-11	7.02059e-05
6.61047e-11	3.108e-05
6.65298e-11	-9.45192e-06
6.69549e-11	-5.14134e-05
6.738e-11	-9.4828e-05
6.78051e-11	-0.000139719
6.82302e-11	-0.00018611
6.86553e-11	-0.000234023
6.90804e-11	-0.000283483
6.95055e-11	-0.000334511
6.99307e-11	-0.00038713
7.03558e-11	-0.000441362
7.07809e-11	-0.00049723
7.1206e-11	-0.000554756
7.16311e-11	-0.000613961
7.20562e-11	-0.000674866
7.24813e-11	-0.000737492
7.29064e-11	-0.000801861
7.33315e-11	-0.000867991
7.37566e-11	-0.000935903
7.41818e-11	-0.00100562
7.46069e-11	-0.00107715
7.5032e-11	-0.00115052
7.54571e-11	-0.00122575
7.58822e-11	-0.00130286
7.63073e-11	-0.00138186
7.67324e-11	-0.00146276
7.71575e-11	-0.00154559
7.75826e-11	-0.00163035
7.80078e-11	-0.00171707
7.84329e-11	-0.00180576
7.8858e-11	-0.00189643
7.92831e-11	-0.00198909
7.97082e-11	-0.00208376
8.01333e-11	-0.00218044
8.05584e-11	-0.00227914
8.09835e-11	-0.00237989
8.14086e-11	-0.00248267
8.18337e-11	-0.0025875
8.22589e-11	-0.0026944
8.2684e-11	-0.00280335
8.31091e-11	-0.00291437
8.35342e-11	-0.00302746
8.39593e-11	-0.00314262
8.43844e-11	-0.00325986
8.48095e-11	-0.00337917
8.52346e-11	-0.00350055
8.56597e-11	-0.00362401
8.60848e-11	-0.00374953
8.651e-11	-0.00387711
8.69351e-11	-0.00400675
8.73602e-11	-0.00413844
8.77853e-11	-0.00427217
8.82104e-11	-0.00440792
8.86355e-11	-0.0045457
8.90606e-11	-0.00468548
8.94857e-11	-0.00482725
8.99108e-11	-0.00497099
9.0336e-11	-0.00511669
9.07611e-11	-0.00526433
9.11862e-11	-0.00541388
9.16113e-11	-0.00556532
9.20364e-11	-0.00571864
9.24615e-11	-0.00587379
9.28866e-11	-0.00603076
9.33117e-11	-0.00618951
9.37368e-11	-0.00635002
9.41619e-11	-0.00651225
9.45871e-11	-0.00667615
9.50122e-11	-0.00684171
9.54373e-11	-0.00700887
9.58624e-11	-0.00717759
9.62875e-11	-0.00734784
9.67126e-11	-0.00751956
9.71377e-11	-0.00769271
9.75628e-11	-0.00786724
9.79879e-11	-0.00804309
9.8413e-11	-0.00822021
9.88382e-11	-0.00839855
9.92633e-11	-0.00857805
9.96884e-11	-0.00875863
1.00113e-10	-0.00894025
1.00539e-10	-0.00912284
1.00964e-10	-0.00930632
1.01389e-10	-0.00949063
1.01814e-10	-0.00967569
1.02239e-10	-0.00986143
1.02664e-10	-0.0100478
1.03089e-10	-0.0102346
1.03514e-10	-0.0104219
1.03939e-10	-0.0106096
1.04365e-10	-0.0107975
1.0479e-10	-0.0109855
1.05215e-10	-0.0111737
1.0564e-10	-0.0113618
1.06065e-10	-0.0115498
1.0649e-10	-0.0117376
1.06915e-10	-0.0119251
1.0734e-10	-0.0121121
1.07765e-10	-0.0122986
1.08191e-10	-0.0124845
1.08616e-10	-0.0126695
1.09041e-10	-0.0128537
1.09466e-10	-0.0130369
1.09891e-10	-0.013219
1.10316e-10	-0.0133998
1.10741e-10	-0.0135792
1.11166e-10	-0.0137571
1.11591e-10	-0.0139333
1.12017e-10	-0.0141078
1.12442e-10	-0.0142803
1.12867e-10	-0.0144508
1.13292e-10	-0.014619
1.13717e-10	-0.0147849
1.14142e-10	-0.0149483
1.14567e-10	-0.015109
1.14992e-10	-0.0152669
1.15417e-10	-0.0154218
1.15843e-10	-0.0155735
1.16268e-10	-0.015722
1.16693e-10	-0.0158669
1.17118e-10	-0.0160082
1.17543e-10	-0.0161457
1.17968e-10	-0.0162792
1.18393e-10	-0.0164086
1.18818e-10	-0.0165336
1.19243e-10	-0.016654
1.19669e-10	-0.0167698
1.20094e-10	-0.0168806
1.20519e-10	-0.0169863
1.20944e-10	-0.0170868
1.21369e-10	-0.0171818
1.21794e-10	-0.0172711
1.22219e-10	-0.0173545
1.22644e-10	-0.0174319
1.23069e-10	-0.017503
1.23495e-10	-0.0175676
1.2392e-10	-0.0176255
1.24345e-10	-0.0176766
1.2477e-10	-0.0177205
1.25195e-10	-0.0177572
1.2562e-10	-0.0177862
1.26045e-10	-0.0178076
1.2647e-10	-0.017821
1.26895e-10	-0.0178262
1.27321e-10	-0.0178231
1.27746e-10	-0.0178113
1.28171e-10	-0.0177906
1.28596e-10	-0.017761
1.29021e-10	-0.017722
1.29446e-10	-0.0176735
1.29871e-10	-0.0176153
1.30296e-10	-0.0175472
1.30721e-10	-0.0174688
1.31147e-10	-0.0173801
1.31572e-10	-0.0172807
1.31997e-10	-0.0171704
1.32422e-10	-0.017049
1.32847e-10	-0.0169163
1.33272e-10	-0.0167721
1.33697e-10	-0.0166161
1.34122e-10	-0.0164481
1.34547e-10	-0.0162678
1.34973e-10	-0.0160751
1.35398e-10	-0.0158697
1.35823e-10	-0.0156514
1.36248e-10	-0.0154199
1.36673e-10	-0.0151751
1.37098e-10	-0.0149168
1.37523e-10	-0.0146446
1.37948e-10	-0.0143584
1.38373e-10	-0.0140579
1.38799e-10	-0.0137431
1.39224e-10	-0.0134135
1.39649e-10	-0.0130691
1.40074e-10	-0.0127096
1.40499e-10	-0.0123348
1.40924e-10	-0.0119445
1.41349e-10	-0.0115385
1.41774e-10	-0.0111166
1.42199e-10	-0.0106786
1.42625e-10	-0.0102244
1.4305e-10	-0.00975368
1.43475e-10	-0.00926631
1.439e-10	-0.00876211
1.44325e-10	-0.0082409
1.4475e-10	-0.00770251
1.45175e-10	-0.00714677
1.456e-10	-0.00657352
1.46025e-10	-0.00598259
1.46451e-10	-0.00537383
1.46876e-10	-0.0047471
1.47301e-10	-0.00410225
1.47726e-10	-0.00343914
1.48151e-10	-0.00275764
1.48576e-10	-0.00205762
1.49001e-10	-0.00133896
1.49426e-10	-0.00060155
1.49851e-10	0.000154721
1.50277e-10	0.000929955
1.50702e-10	0.00172425
1.51127e-10	0.00253768
1.51552e-10	0.00337034
1.51977e-10	0.00422231
1.52402e-10	0.00509363
1.52827e-10	0.00598438
1.53252e-10	0.0068946
1.53677e-10	0.00782433
1.54103e-10	0.00877362
1.54528e-10	0.00974247
1.54953e-10	0.0107309
1.55378e-10	0.011739
1.55803e-10	0.0127666
1.56228e-10	0.0138138
1.56653e-10	0.0148806
1.57078e-10	0.0159669
1.57503e-10	0.0170727
1.57928e-10	0.0181979
1.58354e-10	0.0193425
1.58779e-10	0.0205065
1.59204e-10	0.0216896
1.59629e-10	0.0228919
1.60054e-10	0.0241132
1.60479e-10	0.0253535
1.60904e-10	0.0266125
1.61329e-10	0.0278902
1.61754e-10	0.0291863
1.6218e-10	0.0305009
1.62605e-10	0.0318336
1.6303e-10	0.0331843
1.63455e-10	0.0345527
1.6388e-10	0.0359388
1.64305e-10	0.0373422
1.6473e-10	0.0387628
1.65155e-10	0.0402002
1.6558e-10	0.0416542
1.66006e-10	0.0431246
1.66431e-10	0.044611
1.66856e-10	0.0461132
1.67281e-10	0.0476309
1.67706e-10	0.0491636
1.68131e-10	0.0507111
1.68556e-10	0.0522731
1.68981e-10	0.0538491
1.69406e-10	0.0554387
1.69832e-10	0.0570417
1.70257e-10	0.0586575
1.70682e-10	0.0602857
1.71107e-10	0.061926
1.71532e-10	0.0635778
1.71957e-10	0.0652407
1.72382e-10	0.0669141
1.72807e-10	0.0685977
1.73232e-10	0.0702909
1.73658e-10	0.0719931
1.74083e-10	0.0737039
1.74508e-10	0.0754226
1.74933e-10	0.0771487
1.75358e-10	0.0788817
1.75783e-10	0.0806208
1.76208e-10	0.0823656
1.76633e-10	0.0841154
1.77058e-10	0.0858695
1.77484e-10	0.0876273
1.77909e-10	0.0893881
1.78334e-10	0.0911513
1.78759e-10	0.092916
1.79184e-10	0.0946817
1.79609e-10	0.0964476
1.80034e-10	0.0982129
1.80459e-10	0.099977
1.80884e-10	0.101739
1.8131e-10	0.103498
1.81735e-10	0.105254
1.8216e-10	0.107005
1.82585e-10	0.10875
1.8301e-10	0.11049
1.83435e-10	0.112223
1.8386e-10	0.113947
1.84285e-10	0.115664
1.8471e-10	0.11737
1.85136e-10	0.119066
1.85561e-10	0.120751
1.85986e-10	0.122423
1.86411e-10	0.124082
1.86836e-10	0.125727
1.87261e-10	0.127357
1.87686e-10	0.128971
1.88111e-10	0.130567
1.88536e-10	0.132146
1.88962e-10	0.133705
1.89387e-10	0.135245
1.89812e-10	0.136763
1.90237e-10	0.138259
1.90662e-10	0.139732
1.91087e-10	0.141181
1.91512e-10	0.142605
1.91937e-10	0.144002
1.92362e-10	0.145372
1.92788e-10	0.146714
1.93213e-10	0.148026
1.93638e-10	0.149307
1.94063e-10	0.150557
1.94488e-10	0.151774
1.94913e-10	0.152957
1.95338e-10	0.154105
1.95763e-10	0.155217
1.96188e-10	0.156292
1.96614e-10	0.157329
1.97039e-10	0.158326
1.97464e-10	0.159283
1.97889e-10	0.160198
1.98314e-10	0.16107
1.98739e-10	0.161899
1.99164e-10	0.162682
1.99589e-10	0.16342
2.00014e-10	0.16411
2.0044e-10	0.164751
2.00865e-10	0.165344
2.0129e-10	0.165886
2.01715e-10	0.166376
2.0214e-10	0.166813
2.02565e-10	0.167196
2.0299e-10	0.167525
2.03415e-10	0.167797
2.0384e-10	0.168012
2.04266e-10	0.168169
2.04691e-10	0.168267
2.05116e-10	0.168304
2.05541e-10	0.16828
2.05966e-10	0.168194
2.06391e-10	0.168044
2.06816e-10	0.167829
2.07241e-10	0.167549
2.07666e-10	0.167203
2.08092e-10	0.166789
2.08517e-10	0.166306
2.08942e-10	0.165755
2.09367e-10	0.165132
2.09792e-10	0.164439
2.10217e-10	0.163673
2.10642e-10	0.162835
2.11067e-10	0.161922
2.11492e-10	0.160934
2.11918e-10	0.159871
2.12343e-10	0.158732
2.12768e-10	0.157515
2.13193e-10	0.15622
2.13618e-10	0.154846
2.14043e-10	0.153392
2.14468e-10	0.151859
2.14893e-10	0.150244
2.15318e-10	0.148547
2.15744e-10	0.146769
2.16169e-10	0.144907
2.16594e-10	0.142962
2.17019e-10	0.140933
2.17444e-10	0.138819
2.17869e-10	0.13662
2.18294e-10	0.134335
2.18719e-10	0.131964
2.19144e-10	0.129507
2.19569e-10	0.126963
2.19995e-10	0.124331
2.2042e-10	0.121612
2.20845e-10	0.118805
2.2127e-10	0.11591
2.21695e-10	0.112926
2.2212e-10	0.109854
2.22545e-10	0.106692
2.2297e-10	0.103442
2.23395e-10	0.100103
2.23821e-10	0.096675
2.24246e-10	0.0931576
2.24671e-10	0.0895511
2.25096e-10	0.0858555
2.25521e-10	0.0820709
2.25946e-10	0.0781974
2.26371e-10	0.0742352
2.26796e-10	0.0701845
2.27221e-10	0.0660455
2.27647e-10	0.0618185
2.28072e-10	0.0575039
2.28497e-10	0.0531019
2.28922e-10	0.048613
2.29347e-10	0.0440376
2.29772e-10	0.0393762
2.30197e-10	0.0346294
2.30622e-10	0.0297976
2.31047e-10	0.0248816
2.31473e-10	0.019882
2.31898e-10	0.0147995
2.32323e-10	0.00963471
2.32748e-10	0.00438858
2.33173e-10	-0.000938121
2.33598e-10	-0.00634451
2.34023e-10	-0.0118297
2.34448e-10	-0.0173927
2.34873e-10	-0.0230324
2.35299e-10	-0.028748
2.35724e-10	-0.0345381
2.36149e-10	-0.0404018
2.36574e-10	-0.0463379
2.36999e-10	-0.052345
2.37424e-10	-0.0584219
2.37849e-10	-0.0645673
2.38274e-10	-0.0707798
2.38699e-10	-0.0770581
2.39125e-10	-0.0834006
2.3955e-10	-0.0898059
2.39975e-10	-0.0962724
2.404e-10	-0.102799
2.40825e-10	-0.109383
2.4125e-10	-0.116023
2.41675e-10	-0.122718
2.421e-10	-0.129466
2.42525e-10	-0.136265
2.42951e-10	-0.143113
2.43376e-10	-0.150008
2.43801e-10	-0.156949
2.44226e-10	-0.163933
2.44651e-10	-0.170959
2.45076e-10	-0.178024
2.45501e-10	-0.185126
2.45926e-10	-0.192263
2.46351e-10	-0.199433
2.46777e-10	-0.206633
2.47202e-10	-0.213862
2.47627e-10	-0.221118
2.48052e-10	-0.228397
2.48477e-10	-0.235697
2.48902e-10	-0.243016
2.49327e-10	-0.250353
2.49752e-10	-0.257703
2.50177e-10	-0.265065
2.50603e-10	-0.272435
2.51028e-10	-0.279813
2.51453e-10	-0.287194
2.51878e-10	-0.294577
2.52303e-10	-0.301958
2.52728e-10	-0.309335
2.53153e-10	-0.316705
2.53578e-10	-0.324066
2.54003e-10	-0.331415
2.54429e-10	-0.338748
2.54854e-10	-0.346064
2.55279e-10	-0.353358
2.55704e-10	-0.360629
2.56129e-10	-0.367874
2.56554e-10	-0.375089
2.56979e-10	-0.382271
2.57404e-10	-0.389419
2.57829e-10	-0.396528
2.58255e-10	-0.403595
2.5868e-10	-0.410619
2.59105e-10	-0.417595
2.5953e-10	-0.424521
2.59955e-10	-0.431393
2.6038e-10	-0.43821
2.60805e-10	-0.444966
2.6123e-10	-0.451661
2.61655e-10	-0.45829
2.62081e-10	-0.46485
2.62506e-10	-0.471338
2.62931e-10	-0.477752
2.63356e-10	-0.484088
2.63781e-10	-0.490343
2.64206e-10	-0.496514
2.64631e-10	-0.502598
2.65056e-10	-0.508592
2.65481e-10	-0.514493
2.65907e-10	-0.520297
2.66332e-10	-0.526002
2.66757e-10	-0.531605
2.67182e-10	-0.537103
2.67607e-10	-0.542493
2.68032e-10	-0.547771
2.68457e-10	-0.552934
2.68882e-10	-0.557981
2.69307e-10	-0.562907
2.69733e-10	-0.567711
2.70158e-10	-0.572388
2.70583e-10	-0.576936
2.71008e-10	-0.581353
2.71433e-10	-0.585635
2.71858e-10	-0.58978
2.72283e-10	-0.593785
2.72708e-10	-0.597646
2.73133e-10	-0.601363
2.73559e-10	-0.604931
2.73984e-10	-0.608348
2.74409e-10	-0.611612
2.74834e-10	-0.614719
2.75259e-10	-0.617668
2.75684e-10	-0.620456
2.76109e-10	-0.623081
2.76534e-10	-0.62554
2.76959e-10	-0.62783
2.77385e-10	-0.62995
2.7781e-10	-0.631897
2.78235e-10	-0.63367
2.7866e-10	-0.635265
2.79085e-10	-0.63668
2.7951e-10	-0.637915
2.79935e-10	-0.638966
2.8036e-10	-0.639831
2.80785e-10	-0.64051
2.8121e-10	-0.641
2.81636e-10	-0.641299
2.82061e-10	-0.641405
2.82486e-10	-0.641317
2.82911e-10	-0.641034
2.83336e-10	-0.640553
2.83761e-10	-0.639874
2.84186e-10	-0.638994
2.84611e-10	-0.637914
2.85036e-10	-0.63663
2.85462e-10	-0.635143
2.85887e-10	-0.633451
2.86312e-10	-0.631552
2.86737e-10	-0.629447
2.87162e-10	-0.627134
2.87587e-10	-0.624612
2.88012e-10	-0.621881
2.88437e-10	-0.61894
2.88862e-10	-0.615788
2.89288e-10	-0.612425
2.89713e-10	-0.60885
2.90138e-10	-0.605063
2.90563e-10	-0.601064
2.90988e-10	-0.596853
2.91413e-10	-0.592429
2.91838e-10	-0.587792
2.92263e-10	-0.582943
2.92688e-10	-0.577881
2.93114e-10	-0.572607
2.93539e-10	-0.567121
2.93964e-10	-0.561424
2.94389e-10	-0.555515
2.94814e-10	-0.549396
2.95239e-10	-0.543067
2.95664e-10	-0.536529
2.96089e-10	-0.529783
2.96514e-10	-0.522829
2.9694e-10	-0.515669
2.97365e-10	-0.508303
2.9779e-10	-0.500733
2.98215e-10	-0.49296
2.9864e-10	-0.484986
2.99065e-10	-0.476811
2.9949e-10	-0.468437
2.99915e-10	-0.459866
3.0034e-10	-0.4511
3.00766e-10	-0.44214
3.01191e-10	-0.432988
3.01616e-10	-0.423646
3.02041e-10	-0.414116
3.02466e-10	-0.4044
3.02891e-10	-0.3945
3.03316e-10	-0.384419
3.03741e-10	-0.374159
3.04166e-10	-0.363723
3.04592e-10	-0.353112
3.05017e-10	-0.342329
3.05442e-10	-0.331378
3.05867e-10	-0.320261
3.06292e-10	-0.30898
3.06717e-10	-0.297539
3.07142e-10	-0.28594
3.07567e-10	-0.274188
3.07992e-10	-0.262284
3.08418e-10	-0.250231
3.08843e-10	-0.238035
3.09268e-10	-0.225697
3.09693e-10	-0.213221
3.10118e-10	-0.20061
3.10543e-10	-0.187869
3.10968e-10	-0.175001
3.11393e-10	-0.162009
3.11818e-10	-0.148897
3.12244e-10	-0.135669
3.12669e-10	-0.12233
3.13094e-10	-0.108882
3.13519e-10	-0.0953308
3.13944e-10	-0.0816792
3.14369e-10	-0.0679319
3.14794e-10	-0.0540929
3.15219e-10	-0.0401666
3.15644e-10	-0.0261571
3.1607e-10	-0.012069
3.16495e-10	0.00209348
3.1692e-10	0.0163258
3.17345e-10	0.0306236
3.1777e-10	0.0449822
3.18195e-10	0.0593972
3.1862e-10	0.0738638
3.19045e-10	0.0883774
3.1947e-10	0.102933
3.19896e-10	0.117527
3.20321e-10	0.132153
3.20746e-10	0.146808
3.21171e-10	0.161485
3.21596e-10	0.176181
3.22021e-10	0.190891
3.22446e-10	0.205609
3.22871e-10	0.220331
3.23296e-10	0.235051
3.23722e-10	0.249765
3.24147e-10	0.264468
3.24572e-10	0.279155
3.24997e-10	0.293821
3.25422e-10	0.308461
3.25847e-10	0.323069
3.26272e-10	0.337641
3.26697e-10	0.352172
3.27122e-10	0.366657
3.27548e-10	0.38109
3.27973e-10	0.395467
3.28398e-10	0.409783
3.28823e-10	0.424033
3.29248e-10	0.438211
3.29673e-10	0.452313
3.30098e-10	0.466334
3.30523e-10	0.480268
3.30948e-10	0.494112
3.31374e-10	0.507859
3.31799e-10	0.521505
3.32224e-10	0.535046
3.32649e-10	0.548476
3.33074e-10	0.561791
3.33499e-10	0.574985
3.33924e-10	0.588055
3.34349e-10	0.600994
3.34774e-10	0.6138
3.352e-10	0.626466
3.35625e-10	0.638989
3.3605e-10	0.651364
3.36475e-10	0.663587
3.369e-10	0.675652
3.37325e-10	0.687556
3.3775e-10	0.699294
3.38175e-10	0.710862
3.386e-10	0.722256
3.39026e-10	0.733471
3.39451e-10	0.744503
3.39876e-10	0.755349
3.40301e-10	0.766005
3.40726e-10	0.776465
3.41151e-10	0.786727
3.41576e-10	0.796787
3.42001e-10	0.806641
3.42426e-10	0.816286
3.42852e-10	0.825717
3.43277e-10	0.834931
3.43702e-10	0.843925
3.44127e-10	0.852696
3.44552e-10	0.861239
3.44977e-10	0.869553
3.45402e-10	0.877634
3.45827e-10	0.885479
3.46252e-10	0.893084
3.46677e-10	0.900448
3.47103e-10	0.907567
3.47528e-10	0.914439
3.47953e-10	0.921061
3.48378e-10	0.92743
3.48803e-10	0.933545
3.49228e-10	0.939402
3.49653e-10	0.945001
3.50078e-10	0.950338
3.50503e-10	0.955411
3.50929e-10	0.960219
3.51354e-10	0.96476
3.51779e-10	0.969032
3.52204e-10	0.973034
3.52629e-10	0.976763
3.53054e-10	0.98022
3.53479e-10	0.983401
3.53904e-10	0.986307
3.54329e-10	0.988935
3.54755e-10	0.991286
3.5518e-10	0.993357
3.55605e-10	0.995149
3.5603e-10	0.996661
3.56455e-10	0.997892
3.5688e-10	0.998841
3.57305e-10	0.999509
3.5773e-10	0.999894
3.58155e-10	0.999997
3.58581e-10	0.999819
3.59006e-10	0.999358
3.59431e-10	0.998615
3.59856e-10	0.99759
3.60281e-10	0.996284
3.60706e-10	0.994698
3.61131e-10	0.992831
3.61556e-10	0.990684
3.61981e-10	0.988259
3.62407e-10	0.985557
3.62832e-10	0.982577
3.63257e-10	0.979322
3.63682e-10	0.975792
3.64107e-10	0.97199
3.64532e-10	0.967916
3.64957e-10	0.963572
3.65382e-10	0.958959
3.65807e-10	0.95408
3.66233e-10	0.948936
3.66658e-10	0.943529
3.67083e-10	0.937861
3.67508e-10	0.931934
3.67933e-10	0.925751
3.68358e-10	0.919314
3.68783e-10	0.912625
3.69208e-10	0.905687
3.69633e-10	0.898502
3.70059e-10	0.891074
3.70484e-10	0.883404
3.70909e-10	0.875496
3.71334e-10	0.867352
3.71759e-10	0.858977
3.72184e-10	0.850372
3.72609e-10	0.841541
3.73034e-10	0.832488
3.73459e-10	0.823215
3.73885e-10	0.813727
3.7431e-10	0.804026
3.74735e-10	0.794117
3.7516e-10	0.784002
3.75585e-10	0.773687
3.7601e-10	0.763174
3.76435e-10	0.752467
3.7686e-10	0.741571
3.77285e-10	0.730489
3.77711e-10	0.719225
3.78136e-10	0.707785
3.78561e-10	0.696171
3.78986e-10	0.684388
3.79411e-10	0.67244
3.79836e-10	0.660333
3.80261e-10	0.648069
3.80686e-10	0.635654
3.81111e-10	0.623092
3.81537e-10	0.610388
3.81962e-10	0.597546
3.82387e-10	0.584571
3.82812e-10	0.571468
3.83237e-10	0.558241
3.83662e-10	0.544895
3.84087e-10	0.531435
3.84512e-10	0.517866
3.84937e-10	0.504192
3.85363e-10	0.490418
3.85788e-10	0.47655
3.86213e-10	0.462592
3.86638e-10	0.448549
3.87063e-10	0.434426
3.87488e-10	0.420228
3.87913e-10	0.40596
3.88338e-10	0.391628
3.88763e-10	0.377235
3.89189e-10	0.362787
3.89614e-10	0.34829
3.90039e-10	0.333747
3.90464e-10	0.319165
3.90889e-10	0.304548
3.91314e-10	0.289901
3.91739e-10	0.275229
3.92164e-10	0.260537
3.92589e-10	0.245831
3.93015e-10	0.231114
3.9344e-10	0.216393
3.93865e-10	0.201672
3.9429e-10	0.186955
3.94715e-10	0.172249
3.9514e-10	0.157557
3.95565e-10	0.142885
3.9599e-10	0.128238
3.96415e-10	0.11362
3.96841e-10	0.0990361
3.97266e-10	0.0844911
3.97691e-10	0.0699896
3.98116e-10	0.0555363
3.98541e-10	0.041136
3.98966e-10	0.0267932
3.99391e-10	0.0125125
3.99816e-10	-0.0017016
4.00241e-10	-0.0158446
4.00667e-10	-0.0299121
4.01092e-10	-0.0438998
4.01517e-10	-0.0578032
4.01942e-10	-0.071618
4.02367e-10	-0.0853402
4.02792e-10	-0.0989654
4.03217e-10	-0.11249
4.03642e-10	-0.125909
4.04067e-10	-0.139219
4.04493e-10	-0.152416
4.04918e-10	-0.165496
4.05343e-10	-0.178455
4.05768e-10	-0.19129
4.06193e-10	-0.203996
4.06618e-10	-0.216571
4.07043e-10	-0.22901
4.07468e-10	-0.241311
4.07893e-10	-0.253469
4.08318e-10	-0.265482
4.08744e-10	-0.277346
4.09169e-10	-0.289058
4.09594e-10	-0.300615
4.10019e-10	-0.312013
4.10444e-10	-0.32325
4.10869e-10	-0.334324
4.11294e-10	-0.34523
4.11719e-10	-0.355967
4.12144e-10	-0.366531
4.1257e-10	-0.376921
4.12995e-10	-0.387133
4.1342e-10	-0.397166
4.13845e-10	-0.407017
4.1427e-10	-0.416683
4.14695e-10	-0.426163
4.1512e-10	-0.435454
4.15545e-10	-0.444555
4.1597e-10	-0.453464
4.16396e-10	-0.462178
4.16821e-10	-0.470696
4.17246e-10	-0.479017
4.17671e-10	-0.487138
4.18096e-10	-0.495059
4.18521e-10	-0.502778
4.18946e-10	-0.510293
4.19371e-10	-0.517604
4.19796e-10	-0.524709
4.20222e-10	-0.531608
4.20647e-10	-0.538298
4.21072e-10	-0.544781
4.21497e-10	-0.551053
4.21922e-10	-0.557116
4.22347e-10	-0.562968
4.22772e-10	-0.568609
4.23197e-10	-0.574038
4.23622e-10	-0.579256
4.24048e-10	-0.58426
4.24473e-10	-0.589053
4.24898e-10	-0.593633
4.25323e-10	-0.598
4.25748e-10	-0.602155
4.26173e-10	-0.606097
4.26598e-10	-0.609827
4.27023e-10	-0.613345
4.27448e-10	-0.616652
4.27874e-10	-0.619747
4.28299e-10	-0.622632
4.28724e-10	-0.625307
4.29149e-10	-0.627773
4.29574e-10	-0.630031
4.29999e-10	-0.63208
4.30424e-10	-0.633923
4.30849e-10	-0.635561
4.31274e-10	-0.636993
4.317e-10	-0.638223
4.32125e-10	-0.639249
4.3255e-10	-0.640075
4.32975e-10	-0.640701
4.334e-10	-0.641129
4.33825e-10	-0.64136
4.3425e-10	-0.641396
4.34675e-10	-0.641237
4.351e-10	-0.640887
4.35526e-10	-0.640347
4.35951e-10	-0.639618
4.36376e-10	-0.638703
4.36801e-10	-0.637602
4.37226e-10	-0.636319
4.37651e-10	-0.634855
4.38076e-10	-0.633213
4.38501e-10	-0.631394
4.38926e-10	-0.6294
4.39352e-10	-0.627234
4.39777e-10	-0.624898
4.40202e-10	-0.622395
4.40627e-10	-0.619727
4.41052e-10	-0.616895
4.41477e-10	-0.613903
4.41902e-10	-0.610754
4.42327e-10	-0.607449
4.42752e-10	-0.603991
4.43178e-10	-0.600383
4.43603e-10	-0.596628
4.44028e-10	-0.592727
4.44453e-10	-0.588685
4.44878e-10	-0.584503
4.45303e-10	-0.580185
4.45728e-10	-0.575733
4.46153e-10	-0.571149
4.46578e-10	-0.566438
4.47004e-10	-0.561602
4.47429e-10	-0.556643
4.47854e-10	-0.551565
4.48279e-10	-0.54637
4.48704e-10	-0.541062
4.49129e-10	-0.535643
4.49554e-10	-0.530117
4.49979e-10	-0.524486
4.50404e-10	-0.518754
4.5083e-10	-0.512924
4.51255e-10	-0.506998
4.5168e-10	-0.500979
4.52105e-10	-0.494872
4.5253e-10	-0.488678
4.52955e-10	-0.482401
4.5338e-10	-0.476044
4.53805e-10	-0.46961
4.5423e-10	-0.463102
4.54656e-10	-0.456523
4.55081e-10	-0.449876
4.55506e-10	-0.443165
4.55931e-10	-0.436392
4.56356e-10	-0.429561
4.56781e-10	-0.422673
4.57206e-10	-0.415734
4.57631e-10	-0.408745
4.58056e-10	-0.401709
4.58482e-10	-0.39463
4.58907e-10	-0.38751
4.59332e-10	-0.380353
4.59757e-10	-0.373162
4.60182e-10	-0.365939
4.60607e-10	-0.358687
4.61032e-10	-0.351409
4.61457e-10	-0.344109
4.61882e-10	-0.336788
4.62308e-10	-0.329451
4.62733e-10	-0.322099
4.63158e-10	-0.314735
4.63583e-10	-0.307362
4.64008e-10	-0.299984
4.64433e-10	-0.292602
4.64858e-10	-0.28522
4.65283e-10	-0.277839
4.65708e-10	-0.270463
4.66134e-10	-0.263094
4.66559e-10	-0.255735
4.66984e-10	-0.248389
4.67409e-10	-0.241057
4.67834e-10	-0.233742
4.68259e-10	-0.226447
4.68684e-10	-0.219175
4.69109e-10	-0.211926
4.69534e-10	-0.204704
4.69959e-10	-0.197512
4.70385e-10	-0.19035
4.7081e-10	-0.183223
4.71235e-10	-0.17613
4.7166e-10	-0.169076
4.72085e-10	-0.162061
4.7251e-10	-0.155088
4.72935e-10	-0.14816
4.7336e-10	-0.141277
4.73785e-10	-0.134442
4.74211e-10	-0.127656
4.74636e-10	-0.120922
4.75061e-10	-0.114242
4.75486e-10	-0.107616
4.75911e-10	-0.101047
4.76336e-10	-0.0945369
4.76761e-10	-0.0880866
4.77186e-10	-0.081698
4.77611e-10	-0.0753725
4.78037e-10	-0.0691117
4.78462e-10	-0.0629169
4.78887e-10	-0.0567897
4.79312e-10	-0.0507313
4.79737e-10	-0.0447431
4.80162e-10	-0.0388263
4.80587e-10	-0.0329822
4.81012e-10	-0.0272119
4.81437e-10	-0.0215165
4.81863e-10	-0.0158972
4.82288e-10	-0.0103549
4.82713e-10	-0.00489071
4.83138e-10	0.000494458
4.83563e-10	0.00579969
4.83988e-10	0.0110241
4.84413e-10	0.016167
4.84838e-10	0.0212274
4.85263e-10	0.0262047
4.85689e-10	0.0310983
4.86114e-10	0.0359074
4.86539e-10	0.0406314
4.86964e-10	0.0452698
4.87389e-10	0.0498221
4.87814e-10	0.0542878
4.88239e-10	0.0586665
4.88664e-10	0.0629577
4.89089e-10	0.0671612
4.89515e-10	0.0712766
4.8994e-10	0.0753037
4.90365e-10	0.0792422
4.9079e-10	0.0830919
4.91215e-10	0.0868527
4.9164e-10	0.0905244
4.92065e-10	0.0941071
4.9249e-10	0.0976007
4.92915e-10	0.101005
4.93341e-10	0.10432
4.93766e-10	0.107547
4.94191e-10	0.110684
4.94616e-10	0.113733
4.95041e-10	0.116693
4.95466e-10	0.119564
4.95891e-10	0.122348
4.96316e-10	0.125043
4.96741e-10	0.127652
4.97167e-10	0.130173
4.97592e-10	0.132607
4.98017e-10	0.134954
4.98442e-10	0.137216
4.98867e-10	0.139392
4.99292e-10	0.141484
4.99717e-10	0.14349
5.00142e-10	0.145413
5.00567e-10	0.147253
5.00993e-10	0.149009
5.01418e-10	0.150684
5.01843e-10	0.152277
5.02268e-10	0.153789
5.02693e-10	0.155221
5.03118e-10	0.156574
5.03543e-10	0.157848
5.03968e-10	0.159044
5.04393e-10	0.160163
5.04819e-10	0.161206
5.05244e-10	0.162173
5.05669e-10	0.163066
5.06094e-10	0.163885
5.06519e-10	0.164632
5.06944e-10	0.165306
5.07369e-10	0.165909
5.07794e-10	0.166442
5.08219e-10	0.166906
5.08645e-10	0.167302
5.0907e-10	0.167631
5.09495e-10	0.167893
5.0992e-10	0.16809
5.10345e-10	0.168223
5.1077e-10	0.168293
5.11195e-10	0.1683
5.1162e-10	0.168247
5.12045e-10	0.168133
5.12471e-10	0.16796
5.12896e-10	0.16773
5.13321e-10	0.167442
5.13746e-10	0.167099
5.14171e-10	0.166701
5.14596e-10	0.16625
5.15021e-10	0.165746
5.15446e-10	0.16519
5.15871e-10	0.164585
5.16297e-10	0.16393
5.16722e-10	0.163227
5.17147e-10	0.162477
5.17572e-10	0.161682
5.17997e-10	0.160841
5.18422e-10	0.159957
5.18847e-10	0.159031
5.19272e-10	0.158063
5.19697e-10	0.157056
5.20123e-10	0.156008
5.20548e-10	0.154923
5.20973e-10	0.153802
5.21398e-10	0.152644
5.21823e-10	0.151452
5.22248e-10	0.150226
5.22673e-10	0.148967
5.23098e-10	0.147678
5.23523e-10	0.146358
5.23949e-10	0.145008
5.24374e-10	0.143631
5.24799e-10	0.142226
5.25224e-10	0.140796
5.25649e-10	0.139341
5.26074e-10	0.137861
5.26499e-10	0.136359
5.26924e-10	0.134835
5.27349e-10	0.13329
5.27775e-10	0.131725
5.282e-10	0.130142
5.28625e-10	0.128541
5.2905e-10	0.126923
5.29475e-10	0.125289
5.299e-10	0.12364
5.30325e-10	0.121977
5.3075e-10	0.120301
5.31175e-10	0.118614
5.316e-10	0.116915
5.32026e-10	0.115205
5.32451e-10	0.113487
5.32876e-10	0.11176
5.33301e-10	0.110025
5.33726e-10	0.108284
5.34151e-10	0.106537
5.34576e-10	0.104784
5.35001e-10	0.103028
5.35426e-10	0.101268
5.35852e-10	0.0995053
5.36277e-10	0.0977409
5.36702e-10	0.0959753
5.37127e-10	0.0942094
5.37552e-10	0.0924439
5.37977e-10	0.0906795
5.38402e-10	0.0889169
5.38827e-10	0.0871568
5.39252e-10	0.0853999
5.39678e-10	0.0836469
5.40103e-10	0.0818984
5.40528e-10	0.0801551
5.40953e-10	0.0784175
5.41378e-10	0.0766863
5.41803e-10	0.0749621
5.42228e-10	0.0732455
5.42653e-10	0.071537
5.43078e-10	0.0698371
5.43504e-10	0.0681464
5.43929e-10	0.0664655
5.44354e-10	0.0647948
5.44779e-10	0.0631349
5.45204e-10	0.0614861
5.45629e-10	0.059849
5.46054e-10	0.0582241
5.46479e-10	0.0566117
5.46904e-10	0.0550122
5.4733e-10	0.0534262
5.47755e-10	0.0518539
5.4818e-10	0.0502958
5.48605e-10	0.0487522
5.4903e-10	0.0472234
5.49455e-10	0.0457099
5.4988e-10	0.0442119
5.50305e-10	0.0427297
5.5073e-10	0.0412637
5.51156e-10	0.0398141
5.51581e-10	0.0383811
5.52006e-10	0.0369652
5.52431e-10	0.0355664
5.52856e-10	0.034185
5.53281e-10	0.0328212
5.53706e-10	0.0314754
5.54131e-10	0.0301475
5.54556e-10	0.0288379
5.54982e-10	0.0275466
5.55407e-10	0.0262739
5.55832e-10	0.0250199
5.56257e-10	0.0237847
5.56682e-10	0.0225685
5.57107e-10	0.0213713
5.57532e-10	0.0201933
5.57957e-10	0.0190345
5.58382e-10	0.017895
5.58808e-10	0.016775
5.59233e-10	0.0156744
5.59658e-10	0.0145933
5.60083e-10	0.0135318
5.60508e-10	0.0124898
5.60933e-10	0.0114674
5.61358e-10	0.0104646
5.61783e-10	0.00948141
5.62208e-10	0.00851779
5.62634e-10	0.00757374
5.63059e-10	0.00664923
5.63484e-10	0.00574422
5.63909e-10	0.00485868
5.64334e-10	0.00399254
5.64759e-10	0.00314574
5.65184e-10	0.00231823
5.65609e-10	0.00150992
5.66034e-10	0.000720739
5.6646e-10	-4.9413e-05
5.66885e-10	-0.000800629
5.6731e-10	-0.00153301
5.67735e-10	-0.00224667
5.6816e-10	-0.00294173
5.68585e-10	-0.0036183
5.6901e-10	-0.00427651
5.69435e-10	-0.0049165
5.6986e-10	-0.00553841
5.70286e-10	-0.00614238
5.70711e-10	-0.00672857
5.71136e-10	-0.00729713
5.71561e-10	-0.00784821
5.71986e-10	-0.00838199
5.72411e-10	-0.00889863
5.72836e-10	-0.00939831
5.73261e-10	-0.00988121
5.73686e-10	-0.0103475
5.74112e-10	-0.0107974
5.74537e-10	-0.011231
5.74962e-10	-0.0116486
5.75387e-10	-0.0120504
5.75812e-10	-0.0124365
5.76237e-10	-0.0128072
5.76662e-10	-0.0131627
5.77087e-10	-0.0135031
5.77512e-10	-0.0138287
5.77938e-10	-0.0141397
5.78363e-10	-0.0144363
5.78788e-10	-0.0147187
5.79213e-10	-0.0149872
5.79638e-10	-0.0152419
5.80063e-10	-0.0154832
5.80488e-10	-0.0157111
5.80913e-10	-0.0159259
5.81338e-10	-0.0161279
5.81764e-10	-0.0163172
5.82189e-10	-0.0164942
5.82614e-10	-0.016659
5.83039e-10	-0.0168118
5.83464e-10	-0.016953
5.83889e-10	-0.0170826
5.84314e-10	-0.017201
5.84739e-10	-0.0173083
5.85164e-10	-0.0174048
5.8559e-10	-0.0174908
5.86015e-10	-0.0175664
5.8644e-10	-0.0176319
5.86865e-10	-0.0176874
5.8729e-10	-0.0177333
5.87715e-10	-0.0177698
5.8814e-10	-0.017797
5.88565e-10	-0.0178153
5.8899e-10	-0.0178247
5.89416e-10	-0.0178256
5.89841e-10	-0.0178182
5.90266e-10	-0.0178027
5.90691e-10	-0.0177792
5.91116e-10	-0.0177481
5.91541e-10	-0.0177095
5.91966e-10	-0.0176636
5.92391e-10	-0.0176107
5.92816e-10	-0.017551
5.93242e-10	-0.0174846
5.93667e-10	-0.0174118
5.94092e-10	-0.0173328
5.94517e-10	-0.0172478
5.94942e-10	-0.0171569
5.95367e-10	-0.0170605
5.95792e-10	-0.0169586
5.96217e-10	-0.0168514
5.96642e-10	-0.0167393
5.97067e-10	-0.0166223
5.97493e-10	-0.0165006
5.97918e-10	-0.0163744
5.98343e-10	-0.0162439
5.98768e-10	-0.0161093
5.99193e-10	-0.0159708
5.99618e-10	-0.0158285
6.00043e-10	-0.0156826
6.00468e-10	-0.0155332
6.00893e-10	-0.0153806
6.01319e-10	-0.0152249
6.01744e-10	-0.0150663
6.02169e-10	-0.0149049
6.02594e-10	-0.0147408
6.03019e-10	-0.0145743
6.03444e-10	-0.0144054
6.03869e-10	-0.0142344
6.04294e-10	-0.0140613
6.04719e-10	-0.0138864
6.05145e-10	-0.0137097
6.0557e-10	-0.0135313
6.05995e-10	-0.0133515
6.0642e-10	-0.0131704
6.06845e-10	-0.012988
6.0727e-10	-0.0128046
6.07695e-10	-0.0126201
6.0812e-10	-0.0124348
6.08545e-10	-0.0122488
6.08971e-10	-0.0120621
6.09396e-10	-0.011875
6.09821e-10	-0.0116874
6.10246e-10	-0.0114996
6.10671e-10	-0.0113115
6.11096e-10	-0.0111234
6.11521e-10	-0.0109352
6.11946e-10	-0.0107472
6.12371e-10	-0.0105593
6.12797e-10	-0.0103718
6.13222e-10	-0.0101846
6.13647e-10	-0.00999787
6.14072e-10	-0.00981169
6.14497e-10	-0.00962612
6.14922e-10	-0.00944126
6.15347e-10	-0.00925716
6.15772e-10	-0.00907391
6.16197e-10	-0.00889158
6.16623e-10	-0.00871023
6.17048e-10	-0.00852993
6.17473e-10	-0.00835074
6.17898e-10	-0.00817272
6.18323e-10	-0.00799593
6.18748e-10	-0.00782042
6.19173e-10	-0.00764626
6.19598e-10	-0.00747349
6.20023e-10	-0.00730216
6.20449e-10	-0.00713231
6.20874e-10	-0.006964
6.21299e-10	-0.00679727
6.21724e-10	-0.00663215
6.22149e-10	-0.00646869
6.22574e-10	-0.00630692
6.22999e-10	-0.00614688
6.23424e-10	-0.0059886
6.23849e-10	-0.00583211
6.24275e-10	-0.00567745
6.247e-10	-0.00552463
6.25125e-10	-0.00537369
6.2555e-10	-0.00522465
6.25975e-10	-0.00507753
6.264e-10	-0.00493235
6.26825e-10	-0.00478913
6.2725e-10	-0.0046479
6.27675e-10	-0.00450865
6.28101e-10	-0.00437141
6.28526e-10	-0.0042362
6.28951e-10	-0.00410302
6.29376e-10	-0.00397187
6.29801e-10	-0.00384279
6.30226e-10	-0.00371575
6.30651e-10	-0.00359078
6.31076e-10	-0.00346788
6.31501e-10	-0.00334705
6.31927e-10	-0.0032283
6.32352e-10	-0.00311162
6.32777e-10	-0.00299701
6.33202e-10	-0.00288447
6.33627e-10	-0.002774
6.34052e-10	-0.0026656
6.34477e-10	-0.00255926
6.34902e-10	-0.00245498
6.35327e-10	-0.00235274
6.35753e-10	-0.00225254
6.36178e-10	-0.00215438
6.36603e-10	-0.00205824
6.37028e-10	-0.00196411
6.37453e-10	-0.00187198
6.37878e-10	-0.00178185
6.38303e-10	-0.00169369
6.38728e-10	-0.00160749
6.39153e-10	-0.00152324
6.39579e-10	-0.00144093
6.40004e-10	-0.00136054
6.40429e-10	-0.00128205
6.40854e-10	-0.00120545
6.41279e-10	-0.00113072
6.41704e-10	-0.00105784
6.42129e-10	-0.000986793
6.42554e-10	-0.000917563
6.42979e-10	-0.000850129
6.43405e-10	-0.000784472
6.4383e-10	-0.000720572
6.44255e-10	-0.000658408
6.4468e-10	-0.00059796
6.45105e-10	-0.000539206
6.4553e-10	-0.000482126
6.45955e-10	-0.000426697
6.4638e-10	-0.000372899
6.46805e-10	-0.000320707
6.47231e-10	-0.000270101
6.47656e-10	-0.000221057
6.48081e-10	-0.000173553
6.48506e-10	-0.000127566
6.48931e-10	-8.30722e-05
6.49356e-10	-4.00486e-05
6.49781e-10	1.52825e-06
6.50206e-10	4.16818e-05
6.50631e-10	8.04357e-05
6.51057e-10	0.000117813
6.51482e-10	0.000153839
6.51907e-10	0.000188536
6.52332e-10	0.000221928
6.52757e-10	0.00025404
6.53182e-10	0.000284894
6.53607e-10	0.000314514
6.54032e-10	0.000342925
6.54457e-10	0.00037015
6.54883e-10	0.000396212
6.55308e-10	0.000421136
6.55733e-10	0.000444944
6.56158e-10	0.00046766
6.56583e-10	0.000489307
6.57008e-10	0.000509909
6.57433e-10	0.000529488
6.57858e-10	0.000548067
6.58283e-10	0.000565669
6.58708e-10	0.000582316
6.59134e-10	0.000598032
6.59559e-10	0.000612837
6.59984e-10	0.000626755
6.60409e-10	0.000639806
6.60834e-10	0.000652014
6.61259e-10	0.000663398
6.61684e-10	0.000673981
6.62109e-10	0.000683784
6.62534e-10	0.000692826
6.6296e-10	0.00070113
6.63385e-10	0.000708714
6.6381e-10	0.0007156
6.64235e-10	0.000721807
6.6466e-10	0.000727355
6.65085e-10	0.000732263
6.6551e-10	0.00073655
6.65935e-10	0.000740236
6.6636e-10	0.000743338
6.66786e-10	0.000745875
6.67211e-10	0.000747866
6.67636e-10	0.000749327
6.68061e-10	0.000750277
6.68486e-10	0.000750732
6.68911e-10	0.00075071
6.69336e-10	0.000750227
6.69761e-10	0.000749301
6.70186e-10	0.000747946
6.70612e-10	0.000746178
6.71037e-10	0.000744015
6.71462e-10	0.000741469
6.71887e-10	0.000738558
6.72312e-10	0.000735294
6.72737e-10	0.000731694
6.73162e-10	0.00072777
6.73587e-10	0.000723537
6.74012e-10	0.000719009
6.74438e-10	0.000714198
6.74863e-10	0.000709118
6.75288e-10	0.000703781
6.75713e-10	0.000698201
6.76138e-10	0.000692388
6.76563e-10	0.000686356
6.76988e-10	0.000680115
6.77413e-10	0.000673677
6.77838e-10	0.000667054
6.78264e-10	0.000660256
6.78689e-10	0.000653293
6.79114e-10	0.000646176
6.79539e-10	0.000638916
6.79964e-10	0.000631521
6.80389e-10	0.000624001
6.80814e-10	0.000616366
6.81239e-10	0.000608624
6.81664e-10	0.000600785
6.8209e-10	0.000592857
6.82515e-10	0.000584848
6.8294e-10	0.000576767
6.83365e-10	0.00056862
6.8379e-10	0.000560417
6.84215e-10	0.000552163
6.8464e-10	0.000543866
6.85065e-10	0.000535534
6.8549e-10	0.000527172
6.85916e-10	0.000518788
6.86341e-10	0.000510387
6.86766e-10	0.000501975
6.87191e-10	0.000493559
6.87616e-10	0.000485144
6.88041e-10	0.000476735
6.88466e-10	0.000468337
6.88891e-10	0.000459956
6.89316e-10	0.000451597
6.89742e-10	0.000443264
6.90167e-10	0.000434961
6.90592e-10	0.000426693
6.91017e-10	0.000418464
6.91442e-10	0.000410278
6.91867e-10	0.000402138
6.92292e-10	0.000394049
6.92717e-10	0.000386014
6.93142e-10	0.000378035
6.93568e-10	0.000370116
6.93993e-10	0.000362261
6.94418e-10	0.000354471
6.94843e-10	0.00034675
6.95268e-10	0.000339099
6.95693e-10	0.000331523
6.96118e-10	0.000324021
6.96543e-10	0.000316598
6.96968e-10	0.000309254
6.97394e-10	0.000301992
6.97819e-10	0.000294814
6.98244e-10	0.00028772
6.98669e-10	0.000280713
6.99094e-10	0.000273793
6.99519e-10	0.000266963
6.99944e-10	0.000260223
7.00369e-10	0.000253575
7.00794e-10	0.000247018
7.0122e-10	0.000240555
7.01645e-10	0.000234187
7.0207e-10	0.000227912
7.02495e-10	0.000221733
7.0292e-10	0.00021565
7.03345e-10	0.000209663
7.0377e-10	0.000203772
7.04195e-10	0.000197979
7.0462e-10	0.000192282
7.05046e-10	0.000186682
7.05471e-10	0.00018118
7.05896e-10	0.000175775
7.06321e-10	0.000170466
7.06746e-10	0.000165255
7.07171e-10	0.00016014
7.07596e-10	0.000155122
7.08021e-10	0.000150199
7.08446e-10	0.000145373
7.08872e-10	0.000140641
7.09297e-10	0.000136005
7.09722e-10	0.000131462
7.10147e-10	0.000127014
7.10572e-10	0.000122658
7.10997e-10	0.000118395
7.11422e-10	0.000114223
7.11847e-10	0.000110142
7.12272e-10	0.000106152
7.12698e-10	0.000102251
7.13123e-10	9.84385e-05
7.13548e-10	9.47138e-05
7.13973e-10	9.10759e-05
7.14398e-10	8.75239e-05
7.14823e-10	8.40568e-05
7.15248e-10	8.06738e-05
7.15673e-10	7.73737e-05
7.16098e-10	7.41557e-05
