% time-domain current integration by openEMS v0.0.36-145-g8ee535b @Thu Apr  2 18:30:44 2026
% start-coordinates: (-0.000912,0.0076,0) m -> [37,65,11]
% stop-coordinates: (0.000608,0.00912,0) m -> [42,70,11]
% t/s	current
2.12555177558e-13	0
1.25407554759e-11	0
2.48689557742e-11	-1.47138555703e-30
3.71971560726e-11	-1.88841201384e-14
4.95253563709e-11	-2.12066579575e-11
6.18535566693e-11	3.06261613292e-11
7.41817569676e-11	-1.84619576571e-11
8.6509957266e-11	-6.11509592963e-11
9.88381575643e-11	9.32961694011e-11
1.11166357863e-10	3.29598431881e-11
1.23494558161e-10	4.53850707016e-11
1.35822758459e-10	1.1918591114e-10
1.48150958758e-10	2.17431350702e-10
1.60479159056e-10	2.55195309329e-10
1.72807359354e-10	1.09341202759e-10
1.85135559653e-10	-3.60840246572e-11
1.97463759951e-10	-4.75319450466e-10
2.09791960249e-10	-1.25428889497e-09
2.22120160548e-10	-2.05698036382e-09
2.34448360846e-10	-2.58251287022e-09
2.46776561144e-10	-2.54609044958e-09
2.59104761443e-10	-1.37205091733e-09
2.71432961741e-10	1.20319043617e-09
2.83761162039e-10	4.92975349431e-09
2.96089362338e-10	9.1340019992e-09
3.08417562636e-10	1.24137180535e-08
3.20745762935e-10	1.30583508451e-08
3.33073963233e-10	9.45879463643e-09
3.45402163531e-10	1.27406352135e-09
3.5773036383e-10	-1.02456638729e-08
3.70058564128e-10	-2.21209628393e-08
3.82386764426e-10	-3.04017326869e-08
3.94714964725e-10	-3.1278403867e-08
4.07043165023e-10	-2.27956036269e-08
4.19371365321e-10	-6.21802342948e-09
4.3169956562e-10	1.42830884897e-08
4.44027765918e-10	3.22409476894e-08
4.56355966216e-10	4.16435668171e-08
4.68684166515e-10	3.89177188254e-08
4.81012366813e-10	2.46747795529e-08
4.93340567111e-10	3.56796192591e-09
5.0566876741e-10	-1.73832752637e-08
5.17996967708e-10	-3.13694812348e-08
5.30325168006e-10	-3.43579102946e-08
5.42653368305e-10	-2.64254769178e-08
5.54981568603e-10	-1.13747482544e-08
5.67309768901e-10	4.93558882653e-09
5.796379692e-10	1.69296168195e-08
5.91966169498e-10	2.13419220074e-08
6.04294369796e-10	1.80530950189e-08
6.16622570095e-10	9.51877865418e-09
6.28950770393e-10	-3.22868842773e-10
6.41278970691e-10	-7.935381241e-09
6.5360717099e-10	-1.12056781632e-08
6.65935371288e-10	-9.97912419365e-09
6.78263571587e-10	-5.78515191307e-09
6.90591771885e-10	-6.36648900265e-10
7.02919972183e-10	3.40199202142e-09
7.15248172482e-10	5.19304421687e-09
7.2757637278e-10	4.73703432036e-09
7.39904573078e-10	2.81075696051e-09
7.52232773377e-10	4.78674322402e-10
7.64560973675e-10	-1.38160538565e-09
7.76889173973e-10	-2.17373807843e-09
7.89217374272e-10	-2.01556216162e-09
8.0154557457e-10	-1.11241194034e-09
8.13873774868e-10	-1.0294429198e-10
8.26201975167e-10	5.91523108273e-10
8.38530175465e-10	8.94619378577e-10
8.50858375763e-10	6.87277346145e-10
8.63186576062e-10	2.94856528082e-10
8.7551477636e-10	-1.22719251427e-10
8.87842976658e-10	-3.42424838484e-10
9.00171176957e-10	-3.30963784156e-10
9.12499377255e-10	-2.18615292535e-10
9.24827577553e-10	1.72061739856e-11
9.37155777852e-10	1.94933055808e-10
9.4948397815e-10	2.31295288478e-10
9.61812178448e-10	1.41042622026e-10
9.74140378747e-10	9.86345727316e-12
9.86468579045e-10	-9.81275685707e-11
9.98796779343e-10	-1.59244992193e-10
1.01112497964e-09	-1.53705326245e-10
1.02345317994e-09	-9.41354980077e-11
1.03578138024e-09	-2.1720583665e-11
1.04810958054e-09	8.22776360931e-11
1.06043778084e-09	1.31284774718e-10
1.07276598113e-09	1.11147278881e-10
1.08509418143e-09	3.57589582944e-11
1.09742238173e-09	-2.21001359574e-11
1.10975058203e-09	-3.78486859909e-11
1.12207878233e-09	-6.51202841651e-11
1.13440698263e-09	-3.32915015e-11
1.14673518292e-09	-1.02810902153e-11
1.15906338322e-09	1.45117320938e-11
1.17139158352e-09	2.89549981214e-11
1.18371978382e-09	2.91834334476e-11
1.19604798412e-09	2.94016824776e-11
1.20837618442e-09	1.65310612421e-11
1.22070438471e-09	5.00556584029e-12
1.23303258501e-09	1.63155235849e-11
1.24536078531e-09	-8.47532287407e-12
1.25768898561e-09	-1.85527912477e-11
1.27001718591e-09	-2.17540083169e-11
1.28234538621e-09	-9.7351770742e-12
