% time-domain voltage integration by openEMS v0.0.36-145-g8ee535b @Thu Apr  2 18:30:44 2026
% start-coordinates: (-0.008512,0,0) m -> [12,40,11]
% stop-coordinates: (-0.008512,0,0.000508) m -> [12,40,13]
% t/s	voltage
0	-0
1.23282002983e-11	2.69470987746e-07
2.46564005967e-11	6.46359552547e-07
3.6984600895e-11	1.06333908434e-06
4.93128011934e-11	1.30828345846e-06
6.16410014917e-11	8.5880552092e-07
7.39692017901e-11	-1.12321674806e-06
8.62974020884e-11	-5.57487510378e-06
9.86256023868e-11	-1.29619966174e-05
1.10953802685e-10	-2.23311690206e-05
1.23282002983e-10	-3.01799755107e-05
1.35610203282e-10	-2.98656213999e-05
1.4793840358e-10	-1.23830086523e-05
1.60266603878e-10	3.06301344608e-05
1.72594804177e-10	0.000101529905805
1.84923004475e-10	0.000190404069144
1.97251204774e-10	0.00027078918356
2.09579405072e-10	0.000301467254758
2.2190760537e-10	0.000236977401073
2.34235805669e-10	4.63008600491e-05
2.46564005967e-10	-0.000265440205112
2.58892206265e-10	-0.000642554456135
2.71220406564e-10	-0.000981210963801
2.83548606862e-10	-0.00115467899013
2.9587680716e-10	-0.00105684174923
3.08205007459e-10	-0.000649187946692
3.20533207757e-10	9.0827816166e-06
3.32861408055e-10	0.000764971133322
3.45189608354e-10	0.00141380302375
3.57517808652e-10	0.00176691391971
3.6984600895e-10	0.00171912228689
3.82174209249e-10	0.001287916617
3.94502409547e-10	0.000607229652815
4.06830609845e-10	-0.000121977140225
4.19158810144e-10	-0.000703885336407
4.31487010442e-10	-0.00101309892489
4.4381521074e-10	-0.00102791551035
4.56143411039e-10	-0.00082153143012
4.68471611337e-10	-0.000519435474416
4.80799811635e-10	-0.000244002323598
4.93128011934e-10	-7.00765522197e-05
5.05456212232e-10	-7.41932308301e-06
5.1778441253e-10	-1.28636893351e-05
5.30112612829e-10	-2.23136958084e-05
5.42440813127e-10	1.40765496326e-05
5.54769013426e-10	0.00010902752183
5.67097213724e-10	0.000235715699091
5.79425414022e-10	0.000344042156939
5.91753614321e-10	0.000386111496482
6.04081814619e-10	0.000338442274369
6.16410014917e-10	0.000211583530472
6.28738215216e-10	4.43921671831e-05
6.41066415514e-10	-0.000112849455036
6.53394615812e-10	-0.000217945613258
6.65722816111e-10	-0.000250624711043
6.78051016409e-10	-0.00021613840363
6.90379216707e-10	-0.00013898191537
7.02707417006e-10	-5.10154914082e-05
7.15035617304e-10	2.0414341634e-05
7.27363817602e-10	6.01665724389e-05
7.39692017901e-10	6.68457905704e-05
7.52020218199e-10	4.97001856274e-05
7.64348418497e-10	2.27317786994e-05
7.76676618796e-10	-1.10301527911e-06
7.89004819094e-10	-1.39030858008e-05
8.01333019392e-10	-1.40818260661e-05
8.13661219691e-10	-5.21569245393e-06
8.25989419989e-10	6.56746033201e-06
8.38317620287e-10	1.54681456479e-05
8.50645820586e-10	1.80974711839e-05
8.62974020884e-10	1.42482535921e-05
8.75302221182e-10	6.26424366601e-06
8.87630421481e-10	-2.39993357809e-06
8.99958621779e-10	-8.72190321388e-06
9.12286822077e-10	-1.11330982691e-05
9.24615022376e-10	-9.75217517407e-06
9.36943222674e-10	-5.92480796513e-06
9.49271422973e-10	-1.47126525007e-06
9.61599623271e-10	2.06276297376e-06
9.73927823569e-10	3.81112192827e-06
9.86256023868e-10	3.75502804673e-06
9.98584224166e-10	2.45178921432e-06
1.01091242446e-09	7.16083718544e-07
1.02324062476e-09	-7.06474367007e-07
1.03556882506e-09	-1.36919231863e-06
1.04789702536e-09	-1.21128618957e-06
1.06022522566e-09	-4.86078164386e-07
1.07255342596e-09	3.97831740884e-07
1.08488162625e-09	1.05595893274e-06
1.09720982655e-09	1.27999504684e-06
1.10953802685e-09	1.06832277424e-06
1.12186622715e-09	5.85591607205e-07
1.13419442745e-09	6.75952769313e-08
1.14652262775e-09	-3.06259792637e-07
1.15885082804e-09	-4.43115084181e-07
1.17117902834e-09	-3.5220811867e-07
1.18350722864e-09	-1.29254985382e-07
1.19583542894e-09	1.22198144936e-07
1.20816362924e-09	3.06855952203e-07
1.22049182954e-09	3.91257643173e-07
1.23282002983e-09	3.70055659005e-07
1.24514823013e-09	2.78775758034e-07
1.25747643043e-09	1.65320301448e-07
1.26980463073e-09	7.47096606801e-08
1.28213283103e-09	3.48596831401e-08
