% time-domain current integration by openEMS v0.0.36-145-g8ee535b @Thu Apr  2 18:30:44 2026
% start-coordinates: (0.0076,-0.000912,0) m -> [65,37,11]
% stop-coordinates: (0.00912,0.000608,0) m -> [70,42,11]
% t/s	current
2.12555177558e-13	0
1.25407554759e-11	0
2.48689557742e-11	0
3.71971560726e-11	-7.42979957638e-29
4.95253563709e-11	-3.22330678754e-17
6.18535566693e-11	-5.34757915033e-12
7.41817569676e-11	-6.55441464992e-11
8.6509957266e-11	-5.03517838535e-10
9.88381575643e-11	-3.82371911911e-09
1.11166357863e-10	-9.99855664929e-09
1.23494558161e-10	-1.97444922634e-08
1.35822758459e-10	-2.80377481232e-08
1.48150958758e-10	-2.65825264023e-08
1.60479159056e-10	-5.08926512044e-10
1.72807359354e-10	7.17904597991e-08
1.85135559653e-10	2.0825224567e-07
1.97463759951e-10	4.05256344038e-07
2.09791960249e-10	6.13883742062e-07
2.22120160548e-10	7.1740379326e-07
2.34448360846e-10	5.30458919457e-07
2.46776561144e-10	-1.58263233629e-07
2.59104761443e-10	-1.48772471675e-06
2.71432961741e-10	-3.38287622981e-06
2.83761162039e-10	-5.42376847079e-06
2.96089362338e-10	-6.80581342749e-06
3.08417562636e-10	-6.47783508612e-06
3.20745762935e-10	-3.49358379026e-06
3.33073963233e-10	2.49182244261e-06
3.45402163531e-10	1.07687474156e-05
3.5773036383e-10	1.9408078515e-05
3.70058564128e-10	2.55896920862e-05
3.82386764426e-10	2.64451900875e-05
3.94714964725e-10	2.01856109925e-05
4.07043165023e-10	7.07161234459e-06
4.19371365321e-10	-1.02502272057e-05
4.3169956562e-10	-2.73193327303e-05
4.44027765918e-10	-3.92405854654e-05
4.56355966216e-10	-4.23830133514e-05
4.68684166515e-10	-3.57155186066e-05
4.81012366813e-10	-2.12130707951e-05
4.93340567111e-10	-3.15084821523e-06
5.0566876741e-10	1.34199253807e-05
5.17996967708e-10	2.43835856963e-05
5.30325168006e-10	2.77885956166e-05
5.42653368305e-10	2.41772504523e-05
5.54981568603e-10	1.60093095474e-05
5.67309768901e-10	6.53238748782e-06
5.796379692e-10	-1.39473240779e-06
5.91966169498e-10	-6.10075721852e-06
6.04294369796e-10	-7.32412672733e-06
6.16622570095e-10	-5.92254082221e-06
6.28950770393e-10	-3.29455815518e-06
6.41278970691e-10	-7.81597123023e-07
6.5360717099e-10	7.49293349145e-07
6.65935371288e-10	1.05459935185e-06
6.78263571587e-10	4.19103116656e-07
6.90591771885e-10	-5.90326123984e-07
7.02919972183e-10	-1.40619999911e-06
7.15248172482e-10	-1.67242217231e-06
7.2757637278e-10	-1.32992579438e-06
7.39904573078e-10	-5.73830845951e-07
7.52232773377e-10	2.74413736179e-07
7.64560973675e-10	9.15649025046e-07
7.76889173973e-10	1.18055834264e-06
7.89217374272e-10	1.06301354208e-06
8.0154557457e-10	6.86188627697e-07
8.13873774868e-10	2.2892803031e-07
8.26201975167e-10	-1.49601916632e-07
8.38530175465e-10	-3.55914409056e-07
8.50858375763e-10	-3.77591248935e-07
8.63186576062e-10	-2.65423750534e-07
8.7551477636e-10	-9.91915527493e-08
8.87842976658e-10	4.61598261836e-08
9.00171176957e-10	1.23511313177e-07
9.12499377255e-10	1.21973187106e-07
9.24827577553e-10	6.22958467034e-08
9.37155777852e-10	-1.8217036768e-08
9.4948397815e-10	-8.279999264e-08
9.61812178448e-10	-1.08820223943e-07
9.74140378747e-10	-9.29775794134e-08
9.86468579045e-10	-4.90058624791e-08
9.98796779343e-10	1.78784853588e-09
1.01112497964e-09	4.04420354982e-08
1.02345317994e-09	5.66095650356e-08
1.03578138024e-09	5.03939467933e-08
1.04810958054e-09	2.9415854641e-08
1.06043778084e-09	4.34391100868e-09
1.07276598113e-09	-1.55561750148e-08
1.08509418143e-09	-2.52108325327e-08
1.09742238173e-09	-2.45357298922e-08
1.10975058203e-09	-1.65333471358e-08
1.12207878233e-09	-5.88780890709e-09
1.13440698263e-09	2.99412850069e-09
1.14673518292e-09	7.30455962383e-09
1.15906338322e-09	6.44376552117e-09
1.17139158352e-09	1.97865834828e-09
1.18371978382e-09	-3.76798858781e-09
1.19604798412e-09	-8.14248224401e-09
1.20837618442e-09	-9.95054350028e-09
1.22070438471e-09	-8.8978726609e-09
1.23303258501e-09	-5.98065952317e-09
1.24536078531e-09	-2.81876144648e-09
1.25768898561e-09	-6.38785524476e-10
1.27001718591e-09	2.03333905269e-10
1.28234538621e-09	-1.99723626526e-10
