% time-domain current integration by openEMS v0.0.36-145-g8ee535b @Thu Apr  2 18:30:44 2026
% start-coordinates: (-0.011208,-0.000912,0) m -> [9,37,11]
% stop-coordinates: (-0.007904,0.000608,0) m -> [14,42,11]
% t/s	current
2.12555177558e-13	0
1.25407554759e-11	7.70615926626e-09
2.48689557742e-11	1.72377667695e-08
3.71971560726e-11	2.81181247175e-08
4.95253563709e-11	3.4621503886e-08
6.18535566693e-11	2.28823129333e-08
7.41817569676e-11	-2.9420190728e-08
8.6509957266e-11	-1.46967039427e-07
9.88381575643e-11	-3.42073576576e-07
1.11166357863e-10	-5.88452053307e-07
1.23494558161e-10	-7.92461207766e-07
1.35822758459e-10	-7.78362505116e-07
1.48150958758e-10	-3.08137259708e-07
1.60479159056e-10	8.34972524899e-07
1.72807359354e-10	2.70475402431e-06
1.85135559653e-10	5.02622333443e-06
1.97463759951e-10	7.09115920472e-06
2.09791960249e-10	7.81004018791e-06
2.22120160548e-10	6.00085104452e-06
2.34448360846e-10	8.90837327461e-07
2.46776561144e-10	-7.32571243134e-06
2.59104761443e-10	-1.71220599441e-05
2.71432961741e-10	-2.573992424e-05
2.83761162039e-10	-2.98822451441e-05
2.96089362338e-10	-2.68627845799e-05
3.08417562636e-10	-1.58156526595e-05
3.20745762935e-10	1.56858800437e-06
3.33073963233e-10	2.12066042877e-05
3.45402163531e-10	3.77585747628e-05
3.5773036383e-10	4.63844371552e-05
3.70058564128e-10	4.44429024355e-05
3.82386764426e-10	3.24439606629e-05
3.94714964725e-10	1.38628593049e-05
4.07043165023e-10	-6.09114613326e-06
4.19371365321e-10	-2.22311500693e-05
4.3169956562e-10	-3.09775896312e-05
4.44027765918e-10	-3.12230877171e-05
4.56355966216e-10	-2.42836977122e-05
4.68684166515e-10	-1.31200195028e-05
4.81012366813e-10	-1.23781001093e-06
4.93340567111e-10	8.32248406368e-06
5.0566876741e-10	1.36460139402e-05
5.17996967708e-10	1.41832815643e-05
5.30325168006e-10	1.06345514723e-05
5.42653368305e-10	4.59374177808e-06
5.54981568603e-10	-1.94660287889e-06
5.67309768901e-10	-7.12977998774e-06
5.796379692e-10	-9.69938355411e-06
5.91966169498e-10	-9.28328699956e-06
6.04294369796e-10	-6.41109681965e-06
6.16622570095e-10	-2.25687426791e-06
6.28950770393e-10	1.80049823939e-06
6.41278970691e-10	4.63574497189e-06
6.5360717099e-10	5.69397980144e-06
6.65935371288e-10	5.06559672431e-06
6.78263571587e-10	3.32859349328e-06
6.90591771885e-10	1.25957126329e-06
7.02919972183e-10	-4.60681150116e-07
7.15248172482e-10	-1.43975375977e-06
7.2757637278e-10	-1.61993341408e-06
7.39904573078e-10	-1.2146389281e-06
7.52232773377e-10	-5.54915516204e-07
7.64560973675e-10	4.33572928671e-08
7.76889173973e-10	3.80738526928e-07
7.89217374272e-10	4.07609121567e-07
8.0154557457e-10	2.0167067305e-07
8.13873774868e-10	-9.17075340112e-08
8.26201975167e-10	-3.28267930172e-07
8.38530175465e-10	-4.18259247681e-07
8.50858375763e-10	-3.4768490309e-07
8.63186576062e-10	-1.67726824429e-07
8.7551477636e-10	3.94039219032e-08
8.87842976658e-10	1.97511425881e-07
9.00171176957e-10	2.64346283529e-07
9.12499377255e-10	2.3886181566e-07
9.24827577553e-10	1.51811150317e-07
9.37155777852e-10	4.58889601873e-08
9.4948397815e-10	-4.01394224525e-08
9.61812178448e-10	-8.47027052941e-08
9.74140378747e-10	-8.55833590663e-08
9.86468579045e-10	-5.52612000604e-08
9.98796779343e-10	-1.33446258488e-08
1.01112497964e-09	2.23739640148e-08
1.02345317994e-09	4.0491720199e-08
1.03578138024e-09	3.86575962352e-08
1.04810958054e-09	2.2071091621e-08
1.06043778084e-09	5.1703674675e-10
1.07276598113e-09	-1.65659113094e-08
1.08509418143e-09	-2.35338664112e-08
1.09742238173e-09	-1.95208720299e-08
1.10975058203e-09	-8.49367332023e-09
1.12207878233e-09	4.09263112289e-09
1.13440698263e-09	1.35157103287e-08
1.14673518292e-09	1.73702900952e-08
1.15906338322e-09	1.56167896392e-08
1.17139158352e-09	1.03675867891e-08
1.18371978382e-09	4.38822000959e-09
1.19604798412e-09	-3.9434147614e-10
1.20837618442e-09	-2.46442666274e-09
1.22070438471e-09	-2.10067518935e-09
1.23303258501e-09	3.10664549641e-11
1.24536078531e-09	2.73226685721e-09
1.25768898561e-09	5.07770758773e-09
1.27001718591e-09	6.03392624754e-09
1.28234538621e-09	5.78820769093e-09
