% time-domain voltage integration by openEMS v0.0.36-145-g8ee535b @Thu Apr  2 18:30:44 2026
% start-coordinates: (0.008512,0,0) m -> [68,40,11]
% stop-coordinates: (0.008512,0,0.000508) m -> [68,40,13]
% t/s	voltage
0	-0
1.23282002983e-11	-0
2.46564005967e-11	-0
3.6984600895e-11	7.9779516628e-32
4.93128011934e-11	2.84889786587e-18
6.16410014917e-11	1.84530654646e-11
7.39692017901e-11	9.10769626383e-10
8.62974020884e-11	8.19010370634e-09
9.86256023868e-11	7.27981372961e-08
1.10953802685e-10	2.92717658112e-07
1.23282002983e-10	6.72202219221e-07
1.35610203282e-10	1.04745799945e-06
1.4793840358e-10	1.2870106616e-06
1.60266603878e-10	8.44508576847e-07
1.72594804177e-10	-1.09573784357e-06
1.84923004475e-10	-5.47378544979e-06
1.97251204774e-10	-1.27976868498e-05
2.09579405072e-10	-2.22230501095e-05
2.2190760537e-10	-3.04175018755e-05
2.34235805669e-10	-3.09552433464e-05
2.46564005967e-10	-1.48017466017e-05
2.58892206265e-10	2.68120156761e-05
2.71220406564e-10	9.72581619862e-05
2.83548606862e-10	0.000188162601262
2.9587680716e-10	0.000274622143479
3.08205007459e-10	0.000315906450851
3.20533207757e-10	0.00026476669882
3.32861408055e-10	8.55096950545e-05
3.45189608354e-10	-0.000223958559218
3.57517808652e-10	-0.00061518594157
3.6984600895e-10	-0.000988107582089
3.82174209249e-10	-0.00121243530884
3.94502409547e-10	-0.0011695518042
4.06830609845e-10	-0.000801556569058
4.19158810144e-10	-0.000147549624671
4.31487010442e-10	0.000651765672956
4.4381521074e-10	0.0013888819376
4.56143411039e-10	0.00185474113096
4.68471611337e-10	0.00191078713397
4.80799811635e-10	0.00153894704999
4.93128011934e-10	0.000848724041134
5.05456212232e-10	3.82555990655e-05
5.1778441253e-10	-0.000674552255077
5.30112612829e-10	-0.00112305645598
5.42440813127e-10	-0.0012383494759
5.54769013426e-10	-0.00105670467019
5.67097213724e-10	-0.000690692424541
5.79425414022e-10	-0.000280007559923
5.91753614321e-10	5.69345938857e-05
6.04081814619e-10	0.00025400177401
6.16410014917e-10	0.000304302055156
6.28738215216e-10	0.000246391515248
6.41066415514e-10	0.000139582516567
6.53394615812e-10	3.91927387682e-05
6.65722816111e-10	-2.01831662707e-05
6.78051016409e-10	-3.00855417663e-05
6.90379216707e-10	-3.4905690427e-06
7.02707417006e-10	3.59006789949e-05
7.15035617304e-10	6.53140668874e-05
7.27363817602e-10	7.13501176506e-05
7.39692017901e-10	5.29657445441e-05
7.52020218199e-10	1.91716944755e-05
7.64348418497e-10	-1.6540829165e-05
7.76676618796e-10	-4.22353077738e-05
7.89004819094e-10	-5.16442887601e-05
8.01333019392e-10	-4.52387830592e-05
8.13661219691e-10	-2.8563995329e-05
8.25989419989e-10	-9.11617507882e-06
8.38317620287e-10	6.53287452224e-06
8.50645820586e-10	1.48101730701e-05
8.62974020884e-10	1.54188455781e-05
8.75302221182e-10	1.06184761535e-05
8.87630421481e-10	3.78596450901e-06
8.99958621779e-10	-1.9950279011e-06
9.12286822077e-10	-4.87710167363e-06
9.24615022376e-10	-4.54402288597e-06
9.36943222674e-10	-1.95130940028e-06
9.49271422973e-10	1.33102071231e-06
9.61599623271e-10	3.81414281492e-06
9.73927823569e-10	4.63759192826e-06
9.86256023868e-10	3.7771726511e-06
9.98584224166e-10	1.84205367759e-06
1.01091242446e-09	-2.75657228599e-07
1.02324062476e-09	-1.81535529009e-06
1.03556882506e-09	-2.39696441895e-06
1.04789702536e-09	-2.06894230814e-06
1.06022522566e-09	-1.15451945248e-06
1.07255342596e-09	-1.10011278309e-07
1.08488162625e-09	7.01549765836e-07
1.09720982655e-09	1.082451206e-06
1.10953802685e-09	1.02492953147e-06
1.12186622715e-09	6.75932398053e-07
1.13419442745e-09	2.32845309256e-07
1.14652262775e-09	-1.20108637702e-07
1.15885082804e-09	-2.7915909584e-07
1.17117902834e-09	-2.22877531542e-07
1.18350722864e-09	-2.17743121311e-08
1.19583542894e-09	2.1340875378e-07
1.20816362924e-09	3.87997090456e-07
1.22049182954e-09	4.40390479639e-07
1.23282002983e-09	3.84296328093e-07
1.24514823013e-09	2.62719794364e-07
1.25747643043e-09	1.35602846285e-07
1.26980463073e-09	4.4246114328e-08
1.28213283103e-09	1.37116304977e-08
