% time-domain voltage integration by openEMS v0.0.36-145-g8ee535b @Thu Apr  2 18:30:44 2026
% start-coordinates: (0,0.008512,0) m -> [40,68,11]
% stop-coordinates: (0,0.008512,0.000508) m -> [40,68,13]
% t/s	voltage
0	-0
1.23282002983e-11	-0
2.46564005967e-11	3.29103011342e-36
3.6984600895e-11	1.79130638858e-15
4.93128011934e-11	3.64303948119e-10
6.16410014917e-11	-9.05804847795e-10
7.39692017901e-11	1.81956988365e-09
8.62974020884e-11	9.97530613667e-10
9.86256023868e-11	1.09088813538e-08
1.10953802685e-10	-8.5585050158e-10
1.23282002983e-10	-2.38791741936e-09
1.35610203282e-10	-2.22711626918e-09
1.4793840358e-10	-4.28289670396e-09
1.60266603878e-10	-5.99376015487e-09
1.72594804177e-10	-9.77415348657e-09
1.84923004475e-10	-1.18071561417e-08
1.97251204774e-10	-1.15515147447e-09
2.09579405072e-10	2.08203889684e-08
2.2190760537e-10	5.18874507804e-08
2.34235805669e-10	8.95537972667e-08
2.46564005967e-10	1.23276791442e-07
2.58892206265e-10	1.28714873426e-07
2.71220406564e-10	8.45768219904e-08
2.83548606862e-10	-2.84933143746e-08
2.9587680716e-10	-2.11163147412e-07
3.08205007459e-10	-4.25715214192e-07
3.20533207757e-10	-6.04719303965e-07
3.32861408055e-10	-6.62349236791e-07
3.45189608354e-10	-5.08730835236e-07
3.57517808652e-10	-1.16072612855e-07
3.6984600895e-10	4.6173217072e-07
3.82174209249e-10	1.07303202412e-06
3.94502409547e-10	1.50577540126e-06
4.06830609845e-10	1.56439944021e-06
4.19158810144e-10	1.14524181072e-06
4.31487010442e-10	3.16717546411e-07
4.4381521074e-10	-7.04914072003e-07
4.56143411039e-10	-1.59590979365e-06
4.68471611337e-10	-2.04599882636e-06
4.80799811635e-10	-1.89230041769e-06
4.93128011934e-10	-1.17092980645e-06
5.05456212232e-10	-1.26984389226e-07
5.1778441253e-10	8.84748402541e-07
5.30112612829e-10	1.54171118538e-06
5.42440813127e-10	1.65213140235e-06
5.54769013426e-10	1.23585567735e-06
5.67097213724e-10	4.93058820439e-07
5.79425414022e-10	-2.87333364213e-07
5.91753614321e-10	-8.41860497758e-07
6.04081814619e-10	-1.02401895674e-06
6.16410014917e-10	-8.38022202743e-07
6.28738215216e-10	-4.15346931959e-07
6.41066415514e-10	5.3284253454e-08
6.53394615812e-10	4.03111357627e-07
6.65722816111e-10	5.39249015219e-07
6.78051016409e-10	4.64019819901e-07
6.90379216707e-10	2.50167460081e-07
7.02707417006e-10	7.76854802709e-09
7.15035617304e-10	-1.76079879566e-07
7.27363817602e-10	-2.52129964906e-07
7.39692017901e-10	-2.20823764607e-07
7.52020218199e-10	-1.20848433482e-07
7.64348418497e-10	-6.63411214852e-09
7.76676618796e-10	7.60555067814e-08
7.89004819094e-10	1.0834391162e-07
8.01333019392e-10	8.90006788268e-08
8.13661219691e-10	4.50066686142e-08
8.25989419989e-10	-4.03949196315e-09
8.38317620287e-10	-3.31910463558e-08
8.50645820586e-10	-4.47006716087e-08
8.62974020884e-10	-3.20274793353e-08
8.75302221182e-10	-9.65585655877e-09
8.87630421481e-10	9.40151556605e-09
8.99958621779e-10	2.02818721817e-08
9.12286822077e-10	1.7515284334e-08
9.24615022376e-10	6.1162497289e-09
9.36943222674e-10	-4.06775590989e-09
9.49271422973e-10	-1.09847446694e-08
9.61599623271e-10	-1.29876194244e-08
9.73927823569e-10	-8.90763018901e-09
9.86256023868e-10	-8.4504947484e-10
9.98584224166e-10	5.7207443227e-09
1.01091242446e-09	8.96990259847e-09
1.02324062476e-09	7.24081017367e-09
1.03556882506e-09	2.75007538963e-09
1.04789702536e-09	1.41658595965e-09
1.06022522566e-09	-3.1452734861e-09
1.07255342596e-09	-6.44892050872e-09
1.08488162625e-09	-5.61152790901e-09
1.09720982655e-09	-2.91216539772e-09
1.10953802685e-09	2.42658226846e-10
1.12186622715e-09	2.1699909647e-09
1.13419442745e-09	3.51143969457e-09
1.14652262775e-09	3.86664122942e-09
1.15885082804e-09	3.27590765625e-09
1.17117902834e-09	7.93397791909e-10
1.18350722864e-09	-8.8266768894e-10
1.19583542894e-09	-1.00510622048e-09
1.20816362924e-09	-1.32458333191e-09
1.22049182954e-09	-9.60988566501e-10
1.23282002983e-09	3.4797355275e-10
1.24514823013e-09	7.62171020741e-11
1.25747643043e-09	1.03495345627e-09
1.26980463073e-09	1.79170300818e-09
1.28213283103e-09	-3.17018314377e-10
