% time-domain current integration by openEMS v0.0.36-145-g8ee535b @Thu Apr  2 18:30:44 2026
% start-coordinates: (-0.000912,-0.011208,0) m -> [37,9,11]
% stop-coordinates: (0.000608,-0.007904,0) m -> [42,14,11]
% t/s	current
2.12555177558e-13	0
1.25407554759e-11	0
2.48689557742e-11	-1.47138583915e-30
3.71971560726e-11	-1.88841218325e-14
4.95253563709e-11	-2.12066614269e-11
6.18535566693e-11	3.06261717375e-11
7.41817569676e-11	-1.84619576571e-11
8.6509957266e-11	-6.11509454185e-11
9.88381575643e-11	9.32962110345e-11
1.11166357863e-10	3.29596697157e-11
1.23494558161e-10	4.538508111e-11
1.35822758459e-10	1.19187035241e-10
1.48150958758e-10	2.17431184169e-10
1.60479159056e-10	2.55194476662e-10
1.72807359354e-10	1.09341147247e-10
1.85135559653e-10	-3.60908525288e-11
1.97463759951e-10	-4.75310735215e-10
2.09791960249e-10	-1.25428134545e-09
2.22120160548e-10	-2.05700745326e-09
2.34448360846e-10	-2.58250465457e-09
2.46776561144e-10	-2.54610466044e-09
2.59104761443e-10	-1.37202649242e-09
2.71432961741e-10	1.20316734353e-09
2.83761162039e-10	4.92972196398e-09
2.96089362338e-10	9.13390518775e-09
3.08417562636e-10	1.24137233826e-08
3.20745762935e-10	1.30584076885e-08
3.33073963233e-10	9.45876088565e-09
3.45402163531e-10	1.27437971287e-09
3.5773036383e-10	-1.02454444928e-08
3.70058564128e-10	-2.21205240791e-08
3.82386764426e-10	-3.04022478304e-08
3.94714964725e-10	-3.12786490042e-08
4.07043165023e-10	-2.27938699027e-08
4.19371365321e-10	-6.21933082812e-09
4.3169956562e-10	1.42814826631e-08
4.44027765918e-10	3.22400453001e-08
4.56355966216e-10	4.16439256412e-08
4.68684166515e-10	3.89194028116e-08
4.81012366813e-10	2.46762610345e-08
4.93340567111e-10	3.5672833576e-09
5.0566876741e-10	-1.73829999284e-08
5.17996967708e-10	-3.13699572985e-08
5.30325168006e-10	-3.43589405816e-08
5.42653368305e-10	-2.64236295067e-08
5.54981568603e-10	-1.13714548888e-08
5.67309768901e-10	4.93564300541e-09
5.796379692e-10	1.69305760522e-08
5.91966169498e-10	2.13433395402e-08
6.04294369796e-10	1.80531891658e-08
6.16622570095e-10	9.51748013733e-09
6.28950770393e-10	-3.24592352996e-10
6.41278970691e-10	-7.93774912466e-09
6.5360717099e-10	-1.12047828793e-08
6.65935371288e-10	-9.97882310116e-09
6.78263571587e-10	-5.78674308471e-09
6.90591771885e-10	-6.37130126435e-10
7.02919972183e-10	3.40207328975e-09
7.15248172482e-10	5.19356202489e-09
7.2757637278e-10	4.73641970089e-09
7.39904573078e-10	2.81207723773e-09
7.52232773377e-10	4.79614625792e-10
7.64560973675e-10	-1.38148859019e-09
7.76889173973e-10	-2.16950080123e-09
7.89217374272e-10	-2.01541716649e-09
8.0154557457e-10	-1.11374653944e-09
8.13873774868e-10	-1.05206350576e-10
8.26201975167e-10	5.91201754219e-10
8.38530175465e-10	8.94294638343e-10
8.50858375763e-10	6.88130497029e-10
8.63186576062e-10	2.9572144733e-10
8.7551477636e-10	-1.23336424407e-10
8.87842976658e-10	-3.43901129796e-10
9.00171176957e-10	-3.31924376873e-10
9.12499377255e-10	-2.15740689202e-10
9.24827577553e-10	1.73364846784e-11
9.37155777852e-10	1.95671534531e-10
9.4948397815e-10	2.3195095844e-10
9.61812178448e-10	1.42016925997e-10
9.74140378747e-10	9.31557955774e-12
9.86468579045e-10	-9.88798834478e-11
9.98796779343e-10	-1.59046179005e-10
1.01112497964e-09	-1.53330917407e-10
1.02345317994e-09	-9.35433883131e-11
1.03578138024e-09	-2.20938267681e-11
1.04810958054e-09	8.1647168193e-11
1.06043778084e-09	1.30408545074e-10
1.07276598113e-09	1.10122633235e-10
1.08509418143e-09	3.57329166256e-11
1.09742238173e-09	-2.05359462074e-11
1.10975058203e-09	-3.94143953586e-11
1.12207878233e-09	-6.44689024387e-11
1.13440698263e-09	-3.25953222746e-11
1.14673518292e-09	-1.15831979425e-11
1.15906338322e-09	1.50618250511e-11
1.17139158352e-09	2.99544868076e-11
1.18371978382e-09	2.87752703609e-11
1.19604798412e-09	3.00548023968e-11
1.20837618442e-09	1.66986563466e-11
1.22070438471e-09	7.01057528002e-12
1.23303258501e-09	1.44197830759e-11
1.24536078531e-09	-9.30721472114e-12
1.25768898561e-09	-2.05868030956e-11
1.27001718591e-09	-1.96303771849e-11
1.28234538621e-09	-9.65440921652e-12
