% time-domain voltage integration by openEMS v0.0.36-145-g8ee535b @Thu Apr  2 18:30:44 2026
% start-coordinates: (0,-0.008512,0) m -> [40,12,11]
% stop-coordinates: (0,-0.008512,0.000508) m -> [40,12,13]
% t/s	voltage
0	-0
1.23282002983e-11	-0
2.46564005967e-11	3.29103047215e-36
3.6984600895e-11	1.79130636211e-15
4.93128011934e-11	3.64303989753e-10
6.16410014917e-11	-9.05804903306e-10
7.39692017901e-11	1.81956949508e-09
8.62974020884e-11	9.97532778602e-10
9.86256023868e-11	1.09088817979e-08
1.10953802685e-10	-8.5585100118e-10
1.23282002983e-10	-2.38793018692e-09
1.35610203282e-10	-2.22705820452e-09
1.4793840358e-10	-4.28284074871e-09
1.60266603878e-10	-5.99374261334e-09
1.72594804177e-10	-9.77426228843e-09
1.84923004475e-10	-1.18069820587e-08
1.97251204774e-10	-1.15564285919e-09
2.09579405072e-10	2.08204848917e-08
2.2190760537e-10	5.18865803656e-08
2.34235805669e-10	8.95539109536e-08
2.46564005967e-10	1.23274638497e-07
2.58892206265e-10	1.28715093695e-07
2.71220406564e-10	8.45792023085e-08
2.83548606862e-10	-2.84938810324e-08
2.9587680716e-10	-2.11169144393e-07
3.08205007459e-10	-4.25696086381e-07
3.20533207757e-10	-6.04715495456e-07
3.32861408055e-10	-6.62343325075e-07
3.45189608354e-10	-5.0874254498e-07
3.57517808652e-10	-1.16087132795e-07
3.6984600895e-10	4.61683697495e-07
3.82174209249e-10	1.0730861959e-06
3.94502409547e-10	1.50582025071e-06
4.06830609845e-10	1.5643473148e-06
4.19158810144e-10	1.14519895078e-06
4.31487010442e-10	3.16715954796e-07
4.4381521074e-10	-7.04945477992e-07
4.56143411039e-10	-1.595945605e-06
4.68471611337e-10	-2.04598757136e-06
4.80799811635e-10	-1.89224886071e-06
4.93128011934e-10	-1.17086449336e-06
5.05456212232e-10	-1.27016932083e-07
5.1778441253e-10	8.84881103502e-07
5.30112612829e-10	1.54161728005e-06
5.42440813127e-10	1.65213253922e-06
5.54769013426e-10	1.23579752653e-06
5.67097213724e-10	4.92932571206e-07
5.79425414022e-10	-2.87384537501e-07
5.91753614321e-10	-8.41775715799e-07
6.04081814619e-10	-1.0241074051e-06
6.16410014917e-10	-8.3806372686e-07
6.28738215216e-10	-4.15339599158e-07
6.41066415514e-10	5.34189279477e-08
6.53394615812e-10	4.03067275556e-07
6.65722816111e-10	5.39123419685e-07
6.78051016409e-10	4.63960049046e-07
6.90379216707e-10	2.50167019544e-07
7.02707417006e-10	7.74165620498e-09
7.15035617304e-10	-1.7602641833e-07
7.27363817602e-10	-2.52154435998e-07
7.39692017901e-10	-2.20829051045e-07
7.52020218199e-10	-1.20903742129e-07
7.64348418497e-10	-6.57725207631e-09
7.76676618796e-10	7.59524070304e-08
7.89004819094e-10	1.08364826445e-07
8.01333019392e-10	8.9017675009e-08
8.13661219691e-10	4.51072192931e-08
8.25989419989e-10	-4.1117542704e-09
8.38317620287e-10	-3.32016458771e-08
8.50645820586e-10	-4.46527916864e-08
8.62974020884e-10	-3.19829300821e-08
8.75302221182e-10	-9.70840874359e-09
8.87630421481e-10	9.46325551254e-09
8.99958621779e-10	2.0267556522e-08
9.12286822077e-10	1.75148571202e-08
9.24615022376e-10	6.08317107798e-09
9.36943222674e-10	-4.11083456164e-09
9.49271422973e-10	-1.09255049452e-08
9.61599623271e-10	-1.30085577865e-08
9.73927823569e-10	-8.93090623677e-09
9.86256023868e-10	-7.66958996312e-10
9.98584224166e-10	5.73450154029e-09
1.01091242446e-09	8.84650175337e-09
1.02324062476e-09	7.24224480386e-09
1.03556882506e-09	2.71897193649e-09
1.04789702536e-09	1.44575451611e-09
1.06022522566e-09	-3.09851277969e-09
1.07255342596e-09	-6.51968079524e-09
1.08488162625e-09	-5.55341927999e-09
1.09720982655e-09	-2.94451085736e-09
1.10953802685e-09	2.87314894099e-10
1.12186622715e-09	2.18627638215e-09
1.13419442745e-09	3.44683193099e-09
1.14652262775e-09	3.86657661444e-09
1.15885082804e-09	3.26347215918e-09
1.17117902834e-09	8.56448328923e-10
1.18350722864e-09	-8.93632834398e-10
1.19583542894e-09	-1.00614822029e-09
1.20816362924e-09	-1.37239231091e-09
1.22049182954e-09	-9.60893975499e-10
1.23282002983e-09	2.7855080742e-10
1.24514823013e-09	7.41601710597e-11
1.25747643043e-09	1.05073960643e-09
1.26980463073e-09	1.84113257973e-09
1.28213283103e-09	-3.67471580942e-10
