% time-domain current integration by openEMS v0.0.36-145-g8ee535b @Thu Apr  2 14:33:36 2026
% start-coordinates: (-0.014,-0.000762712,0) m -> [0,28,1]
% stop-coordinates: (-0.009,0.000457627,0) m -> [1,32,1]
% t/s	current
1.06721853194e-13	0
1.39805627685e-11	-2.58463632719e-08
2.78544036837e-11	-2.82192598178e-08
4.1728244599e-11	-3.24691762366e-09
5.56020855143e-11	7.17848465115e-08
6.94759264296e-11	2.19827086312e-07
8.33497673448e-11	4.369223916e-07
9.72236082601e-11	6.59756096866e-07
1.11097449175e-10	7.35133028229e-07
1.24971290091e-10	4.17102683059e-07
1.38845131006e-10	-5.70120221255e-07
1.52718971921e-10	-2.38835627897e-06
1.66592812836e-10	-4.85859163746e-06
1.80466653752e-10	-7.25145218894e-06
1.94340494667e-10	-8.22128913569e-06
2.08214335582e-10	-6.05759896644e-06
2.22088176498e-10	6.68812390359e-07
2.35962017413e-10	1.21581915664e-05
2.49835858328e-10	2.64868012891e-05
2.63709699243e-10	3.92940819438e-05
2.77583540159e-10	4.45375371783e-05
2.91457381074e-10	3.6445686419e-05
3.05331221989e-10	1.22200872283e-05
3.19205062905e-10	-2.5579593057e-05
3.3307890382e-10	-6.82546306052e-05
3.46952744735e-10	-0.000102682104625
3.6082658565e-10	-0.000115442111564
3.74700426566e-10	-9.80458353297e-05
3.88574267481e-10	-5.11333746545e-05
4.02448108396e-10	1.44253099279e-05
4.16321949311e-10	8.04206501925e-05
4.30195790227e-10	0.000127392166178
4.44069631142e-10	0.000141556098242
4.57943472057e-10	0.000119747259305
4.71817312973e-10	7.03028708813e-05
4.85691153888e-10	9.61244859354e-06
4.99564994803e-10	-4.41019510617e-05
5.13438835718e-10	-7.71042032284e-05
5.27312676634e-10	-8.41006549308e-05
5.41186517549e-10	-6.86087514623e-05
5.55060358464e-10	-4.01430152124e-05
5.68934199379e-10	-9.84822963801e-06
5.82808040295e-10	1.34819956656e-05
5.9668188121e-10	2.56078692473e-05
6.10555722125e-10	2.69065531029e-05
6.24429563041e-10	2.08452802326e-05
6.38303403956e-10	1.18692269098e-05
6.52177244871e-10	3.65540904568e-06
6.66051085786e-10	-1.77597405582e-06
6.79924926702e-10	-4.06949129683e-06
6.93798767617e-10	-3.98004976887e-06
7.07672608532e-10	-2.66511665359e-06
7.21546449447e-10	-1.12815575903e-06
7.35420290363e-10	4.16476524379e-08
7.49294131278e-10	6.78919377606e-07
7.63167972193e-10	8.91301340289e-07
7.77041813109e-10	8.76303545283e-07
7.90915654024e-10	7.97173811407e-07
8.04789494939e-10	7.294935358e-07
8.18663335854e-10	6.75414582929e-07
8.3253717677e-10	6.11469488376e-07
8.46411017685e-10	5.25100972482e-07
8.602848586e-10	4.34385725612e-07
8.74158699515e-10	3.71221176465e-07
8.88032540431e-10	3.6496956568e-07
9.01906381346e-10	4.27491528399e-07
9.15780222261e-10	5.30508373231e-07
9.29654063177e-10	6.25156644674e-07
9.43527904092e-10	6.65002687583e-07
9.57401745007e-10	6.2866575945e-07
9.71275585922e-10	5.2805296491e-07
9.85149426838e-10	4.01862621402e-07
9.99023267753e-10	2.9608796126e-07
1.01289710867e-09	2.40581698563e-07
1.02677094958e-09	2.38409924691e-07
1.0406447905e-09	2.67482846539e-07
1.05451863141e-09	2.96638972941e-07
1.06839247233e-09	3.07255305643e-07
1.08226631324e-09	3.02919431761e-07
1.09614015416e-09	3.06865302946e-07
1.11001399508e-09	3.46461263234e-07
1.12388783599e-09	4.33727308291e-07
1.13776167691e-09	5.54518010176e-07
1.15163551782e-09	6.72391138323e-07
1.16550935874e-09	7.44275268971e-07
1.17938319965e-09	7.39825566143e-07
1.19325704057e-09	6.57347982269e-07
1.20713088148e-09	5.25059533629e-07
1.2210047224e-09	3.86576147093e-07
1.23487856331e-09	2.85186416704e-07
1.24875240423e-09	2.42015204321e-07
1.26262624514e-09	2.53799214534e-07
1.27650008606e-09	2.94208376772e-07
1.29037392697e-09	3.3022982393e-07
1.30424776789e-09	3.39158447105e-07
1.3181216088e-09	3.16957880386e-07
1.33199544972e-09	2.79188952845e-07
1.34586929063e-09	2.5094439593e-07
1.35974313155e-09	2.5244460744e-07
1.37361697247e-09	2.89201523174e-07
1.38749081338e-09	3.49270777633e-07
1.4013646543e-09	4.11808741774e-07
1.41523849521e-09	4.57334920156e-07
1.42911233613e-09	4.77672926991e-07
1.44298617704e-09	4.7807111514e-07
1.45686001796e-09	4.71392155532e-07
1.47073385887e-09	4.68929812314e-07
1.48460769979e-09	4.72412949648e-07
1.4984815407e-09	4.72656438433e-07
1.51235538162e-09	4.55200790839e-07
1.52622922253e-09	4.09512693977e-07
1.54010306345e-09	3.36883744012e-07
1.55397690436e-09	2.52463905781e-07
1.56785074528e-09	1.79705097025e-07
1.58172458619e-09	1.40888829492e-07
1.59559842711e-09	1.47768489001e-07
1.60947226803e-09	1.95770738287e-07
1.62334610894e-09	2.66477485411e-07
1.63721994986e-09	3.35762138093e-07
1.65109379077e-09	3.83670965221e-07
1.66496763169e-09	4.02107247055e-07
1.6788414726e-09	3.96080594101e-07
1.69271531352e-09	3.79247921956e-07
1.70658915443e-09	3.65347290199e-07
1.72046299535e-09	3.60664358823e-07
1.73433683626e-09	3.61896951517e-07
1.74821067718e-09	3.59226021374e-07
1.76208451809e-09	3.43477324805e-07
1.77595835901e-09	3.12364846877e-07
1.78983219992e-09	2.73348206292e-07
1.80370604084e-09	2.39908843014e-07
1.81757988175e-09	2.25024876954e-07
1.83145372267e-09	2.34140287603e-07
1.84532756358e-09	2.61765706e-07
1.8592014045e-09	2.9480756325e-07
1.87307524542e-09	3.17935501926e-07
1.88694908633e-09	3.21953422144e-07
1.90082292725e-09	3.072459549e-07
1.91469676816e-09	2.83326869521e-07
1.92857060908e-09	2.63598906258e-07
1.94244444999e-09	2.57683524296e-07
1.95631829091e-09	2.67297593837e-07
1.97019213182e-09	2.84261716388e-07
1.98406597274e-09	2.95468908007e-07
1.99793981365e-09	2.89661528541e-07
2.01181365457e-09	2.63364370312e-07
2.02568749548e-09	2.2365978225e-07
2.0395613364e-09	1.84992885011e-07
2.05343517731e-09	1.63163775824e-07
2.06730901823e-09	1.6794614055e-07
2.08118285914e-09	1.9855770006e-07
2.09505670006e-09	2.44527228688e-07
2.10893054097e-09	2.90478055831e-07
2.12280438189e-09	3.22813178855e-07
2.13667822281e-09	3.35162013698e-07
2.15055206372e-09	3.28870214616e-07
2.16442590464e-09	3.10977156914e-07
2.17829974555e-09	2.88692177719e-07
2.19217358647e-09	2.65697451596e-07
2.20604742738e-09	2.41127537493e-07
2.2199212683e-09	2.11471999023e-07
2.23379510921e-09	1.74863032498e-07
2.24766895013e-09	1.33866450369e-07
2.26154279104e-09	9.65174749012e-08
2.27541663196e-09	7.38762366836e-08
2.28929047287e-09	7.51755067085e-08
2.30316431379e-09	1.03603426282e-07
2.3170381547e-09	1.54157447696e-07
2.33091199562e-09	2.14396592924e-07
2.34478583653e-09	2.692007115e-07
2.35865967745e-09	3.05911413534e-07
2.37253351837e-09	3.18509393082e-07
2.38640735928e-09	3.08984397179e-07
2.4002812002e-09	2.84674058548e-07
2.41415504111e-09	2.54628218954e-07
2.42802888203e-09	2.2530545607e-07
2.44190272294e-09	1.98482467795e-07
2.45577656386e-09	1.72373034957e-07
2.46965040477e-09	1.44283717418e-07
2.48352424569e-09	1.13619627484e-07
2.4973980866e-09	8.35323277215e-08
2.51127192752e-09	6.01192127192e-08
2.52514576843e-09	4.98625070122e-08
2.53901960935e-09	5.68175799742e-08
2.55289345026e-09	8.07174984629e-08
2.56676729118e-09	1.16739968803e-07
2.58064113209e-09	1.57324208772e-07
2.59451497301e-09	1.948185826e-07
2.60838881392e-09	2.23486821938e-07
2.62226265484e-09	2.40671141682e-07
2.63613649576e-09	2.46345877031e-07
2.65001033667e-09	2.41656891831e-07
2.66388417759e-09	2.27615146287e-07
2.6777580185e-09	2.04244798852e-07
2.69163185942e-09	1.71482980704e-07
2.70550570033e-09	1.30405823029e-07
2.71937954125e-09	8.46548999789e-08
2.73325338216e-09	4.05427869055e-08
2.74712722308e-09	5.89693671671e-09
2.76100106399e-09	-1.18323999487e-08
2.77487490491e-09	-8.69506688872e-09
2.78874874582e-09	1.49061332166e-08
2.80262258674e-09	5.39221147733e-08
2.81649642765e-09	1.00519521595e-07
2.83037026857e-09	1.46143150914e-07
2.84424410948e-09	1.83504965889e-07
2.8581179504e-09	2.07925083373e-07
2.87199179131e-09	2.17205666786e-07
2.88586563223e-09	2.11062285871e-07
2.89973947315e-09	1.90758612462e-07
2.91361331406e-09	1.58214092494e-07
2.92748715498e-09	1.16488564572e-07
2.94136099589e-09	6.97889461776e-08
2.95523483681e-09	2.346004635e-08
2.96910867772e-09	-1.61840194579e-08
2.98298251864e-09	-4.33390638932e-08
2.99685635955e-09	-5.35695221515e-08
3.01073020047e-09	-4.54005721906e-08
3.02460404138e-09	-2.08403161395e-08
3.0384778823e-09	1.53730965735e-08
3.05235172321e-09	5.69540432593e-08
3.06622556413e-09	9.75450120677e-08
3.08009940504e-09	1.32034003286e-07
3.09397324596e-09	1.56960709319e-07
3.10784708687e-09	1.70414878653e-07
3.12172092779e-09	1.71160252194e-07
3.13559476871e-09	1.58482677648e-07
3.14946860962e-09	1.32277421017e-07
3.16334245054e-09	9.36850312883e-08
3.17721629145e-09	4.56937954141e-08
3.19109013237e-09	-6.40440500632e-09
3.20496397328e-09	-5.57982815508e-08
3.2188378142e-09	-9.51759062673e-08
3.23271165511e-09	-1.18336259902e-07
3.24658549603e-09	-1.21512982787e-07
3.26045933694e-09	-1.04217377839e-07
3.27433317786e-09	-6.9182803486e-08
3.28820701877e-09	-2.16531841346e-08
3.30208085969e-09	3.15572954435e-08
3.3159547006e-09	8.33627993302e-08
3.32982854152e-09	1.27054505583e-07
3.34370238243e-09	1.57012550517e-07
3.35757622335e-09	1.6887754839e-07
3.37145006426e-09	1.59974632652e-07
3.38532390518e-09	1.29965215478e-07
3.3991977461e-09	8.11916081034e-08
3.41307158701e-09	1.89804332251e-08
3.42694542793e-09	-4.87145364048e-08
3.44081926884e-09	-1.12430818433e-07
3.45469310976e-09	-1.62901599765e-07
3.46856695067e-09	-1.92991748804e-07
3.48244079159e-09	-1.98749930291e-07
3.4963146325e-09	-1.80248704851e-07
3.51018847342e-09	-1.41018162481e-07
3.52406231433e-09	-8.72687664355e-08
3.53793615525e-09	-2.64787143323e-08
3.55180999616e-09	3.35500800475e-08
3.56568383708e-09	8.55697663837e-08
3.57955767799e-09	1.23283300013e-07
3.59343151891e-09	1.41875844406e-07
3.60730535982e-09	1.38280498163e-07
3.62117920074e-09	1.11769466571e-07
3.63505304166e-09	6.44085744739e-08
3.64892688257e-09	1.1020091506e-09
3.66280072349e-09	-7.05386753452e-08
3.6766745644e-09	-1.41263711839e-07
3.69054840532e-09	-2.01564560598e-07
3.70442224623e-09	-2.43295716018e-07
3.71829608715e-09	-2.61120845835e-07
3.73216992806e-09	-2.53156798635e-07
3.74604376898e-09	-2.21174417447e-07
3.75991760989e-09	-1.69891990254e-07
3.77379145081e-09	-1.06141101242e-07
3.78766529172e-09	-3.78137947621e-08
3.80153913264e-09	2.67513389218e-08
3.81541297355e-09	7.95420476152e-08
3.82928681447e-09	1.13572014016e-07
3.84316065538e-09	1.23480688785e-07
3.8570344963e-09	1.06433752478e-07
3.87090833721e-09	6.30068583973e-08
3.88478217813e-09	-2.61800359169e-09
3.89865601905e-09	-8.26920398822e-08
3.91252985996e-09	-1.66897947906e-07
3.92640370088e-09	-2.43874950456e-07
3.94027754179e-09	-3.02903544025e-07
3.95415138271e-09	-3.35834840826e-07
3.96802522362e-09	-3.38336946015e-07
3.98189906454e-09	-3.10305892981e-07
3.99577290545e-09	-2.55980808106e-07
4.00964674637e-09	-1.82917005986e-07
4.02352058728e-09	-1.00948930992e-07
4.0373944282e-09	-2.08723829331e-08
4.05126826911e-09	4.68481928806e-08
4.06514211003e-09	9.31225727641e-08
4.07901595094e-09	1.11393340774e-07
4.09288979186e-09	9.83433636748e-08
4.10676363277e-09	5.46219176556e-08
4.12063747369e-09	-1.50725956161e-08
4.1345113146e-09	-1.02353709508e-07
4.14838515552e-09	-1.96275465214e-07
4.16225899644e-09	-2.84694976926e-07
4.17613283735e-09	-3.56038583504e-07
4.19000667827e-09	-4.01079233825e-07
4.20388051918e-09	-4.14040101759e-07
4.2177543601e-09	-3.93473357008e-07
4.23162820101e-09	-3.42130135778e-07
4.24550204193e-09	-2.66748429567e-07
4.25937588284e-09	-1.77021362902e-07
4.27324972376e-09	-8.44973584435e-08
4.28712356467e-09	-1.17230669616e-09
4.30099740559e-09	6.18448510181e-08
4.3148712465e-09	9.57170129823e-08
4.32874508742e-09	9.50469711825e-08
4.34261892833e-09	5.86919597367e-08
4.35649276925e-09	-9.85278170162e-09
4.37036661016e-09	-1.02627396359e-07
4.38424045108e-09	-2.08222360243e-07
4.398114292e-09	-3.1323045846e-07
4.41198813291e-09	-4.04064820714e-07
4.42586197383e-09	-4.68791938601e-07
4.43973581474e-09	-4.98970280205e-07
4.45360965566e-09	-4.90521699703e-07
4.46748349657e-09	-4.44377633357e-07
4.48135733749e-09	-3.66307631339e-07
4.4952311784e-09	-2.66194774667e-07
4.50910501932e-09	-1.57000158651e-07
4.52297886023e-09	-5.29930872517e-08
4.53685270115e-09	3.18451469639e-08
4.55072654206e-09	8.56282866835e-08
4.56460038298e-09	1.00261246416e-07
4.57847422389e-09	7.25793043443e-08
4.59234806481e-09	5.04370412102e-09
4.60622190572e-09	-9.45267260022e-08
4.62009574664e-09	-2.13812555216e-07
4.63396958755e-09	-3.37597725775e-07
4.64784342847e-09	-4.49860777962e-07
4.66171726939e-09	-5.35950732683e-07
4.6755911103e-09	-5.84553333738e-07
4.68946495122e-09	-5.89226090142e-07
4.70333879213e-09	-5.49286824025e-07
4.71721263305e-09	-4.69739859454e-07
4.73108647396e-09	-3.6086001387e-07
4.74496031488e-09	-2.36675973042e-07
4.75883415579e-09	-1.13396019685e-07
4.77270799671e-09	-7.35125915696e-09
4.78658183762e-09	6.71705535638e-08
4.80045567854e-09	9.96064741798e-08
4.81432951945e-09	8.4701689218e-08
4.82820336037e-09	2.32992469762e-08
4.84207720128e-09	-7.76966402327e-08
4.8559510422e-09	-2.06161018923e-07
4.86982488311e-09	-3.46133333551e-07
4.88369872403e-09	-4.79856510083e-07
4.89757256495e-09	-5.90207946516e-07
4.91144640586e-09	-6.62779427785e-07
4.92532024678e-09	-6.87802810262e-07
4.93919408769e-09	-6.61552974179e-07
4.95306792861e-09	-5.86942007885e-07
4.96694176952e-09	-4.73176527294e-07
4.98081561044e-09	-3.3468370475e-07
4.99468945135e-09	-1.89544280715e-07
5.00856329227e-09	-5.69714515564e-08
5.02243713318e-09	4.50817623232e-08
5.0363109741e-09	1.02323966189e-07
5.05018481501e-09	1.061424868e-07
5.06405865593e-09	5.47366099113e-08
5.07793249684e-09	-4.62814888635e-08
5.09180633776e-09	-1.84796036251e-07
5.10568017867e-09	-3.43559122484e-07
5.11955401959e-09	-5.02471323216e-07
5.1334278605e-09	-6.41200017526e-07
5.14730170142e-09	-7.41563667361e-07
5.16117554234e-09	-7.90303488429e-07
5.17504938325e-09	-7.80566097092e-07
5.18892322417e-09	-7.12929931979e-07
5.20279706508e-09	-5.95659628289e-07
5.216670906e-09	-4.43462170097e-07
5.23054474691e-09	-2.76046336012e-07
5.24441858783e-09	-1.15378952614e-07
5.25829242874e-09	1.69472240685e-08
5.27216626966e-09	1.02731867457e-07
5.28604011057e-09	1.29523755277e-07
5.29991395149e-09	9.2517403516e-08
5.3137877924e-09	-4.72791938932e-09
5.32766163332e-09	-1.50665272258e-07
5.34153547423e-09	-3.2711236031e-07
5.35540931515e-09	-5.11907785494e-07
5.36928315606e-09	-6.81229380461e-07
5.38315699698e-09	-8.13258225207e-07
5.39703083789e-09	-8.90557373623e-07
5.41090467881e-09	-9.02688441329e-07
5.42477851973e-09	-8.4737934003e-07
5.43865236064e-09	-7.31162856482e-07
5.45252620156e-09	-5.68417874547e-07
5.46640004247e-09	-3.79959004704e-07
5.48027388339e-09	-1.9011648078e-07
5.4941477243e-09	-2.40984245892e-08
5.50802156522e-09	9.57687404934e-08
5.52189540613e-09	1.52632196659e-07
5.53576924705e-09	1.37614478035e-07
5.54964308796e-09	5.10967943512e-08
5.56351692888e-09	-9.72262625965e-08
5.57739076979e-09	-2.89194190373e-07
5.59126461071e-09	-5.00844748785e-07
5.60513845162e-09	-7.05106572241e-07
5.61901229254e-09	-8.75507623732e-07
5.63288613345e-09	-9.89491809378e-07
5.64675997437e-09	-1.03159607079e-06
5.66063381529e-09	-9.95509140012e-07
5.6745076562e-09	-8.84940561718e-07
5.68838149712e-09	-7.13593806267e-07
5.70225533803e-09	-5.03088585901e-07
5.71612917895e-09	-2.8081575465e-07
5.73000301986e-09	-7.59636762382e-08
5.74387686078e-09	8.40894500698e-08
5.75775070169e-09	1.77236287868e-07
5.77162454261e-09	1.89973732745e-07
5.78549838352e-09	1.18965218121e-07
5.79937222444e-09	-2.80518364093e-08
5.81324606535e-09	-2.33564037444e-07
5.82711990627e-09	-4.71836983706e-07
5.84099374718e-09	-7.1279112035e-07
5.8548675881e-09	-9.25215374536e-07
5.86874142901e-09	-1.08138078758e-06
5.88261526993e-09	-1.16020169116e-06
5.89648911084e-09	-1.15044247195e-06
5.91036295176e-09	-1.05236631498e-06
5.92423679268e-09	-8.77638854035e-07
5.93811063359e-09	-6.48146908588e-07
5.95198447451e-09	-3.93430781287e-07
5.96585831542e-09	-1.46628892139e-07
5.97973215634e-09	5.93726099396e-08
5.99360599725e-09	1.9660576811e-07
6.00747983817e-09	2.45740380933e-07
6.02135367908e-09	1.98603231638e-07
6.03522752e-09	5.95291922423e-08
6.04910136091e-09	-1.55094227239e-07
6.06297520183e-09	-4.18721384676e-07
6.07684904274e-09	-6.97984319231e-07
6.09072288366e-09	-9.57211568675e-07
6.10459672457e-09	-1.16257638183e-06
6.11847056549e-09	-1.28659917209e-06
6.1323444064e-09	-1.3123037661e-06
6.14621824732e-09	-1.23504105431e-06
6.16009208823e-09	-1.06348988993e-06
6.17396592915e-09	-8.18755893306e-07
6.18783977007e-09	-5.32087256033e-07
6.20171361098e-09	-2.40445274358e-07
6.2155874519e-09	1.77979408988e-08
6.22946129281e-09	2.0790209021e-07
6.24333513373e-09	3.03541611402e-07
6.25720897464e-09	2.90098057576e-07
6.27108281556e-09	1.67382808058e-07
6.28495665647e-09	-5.07679160933e-08
6.29883049739e-09	-3.37626943292e-07
6.3127043383e-09	-6.57089344713e-07
6.32657817922e-09	-9.6829398899e-07
6.34045202013e-09	-1.23069708025e-06
6.35432586105e-09	-1.4095626284e-06
6.36819970196e-09	-1.48043920944e-06
6.38207354288e-09	-1.43283591569e-06
6.39594738379e-09	-1.2713352362e-06
