% time-domain current integration by openEMS v0.0.36-145-g8ee535b @Thu Apr  2 14:33:36 2026
% start-coordinates: (0.00869492,-0.000762712,0) m -> [59,28,1]
% stop-coordinates: (0.009,0.000457627,0) m -> [60,32,1]
% t/s	current
1.06721853194e-13	0
1.39805627685e-11	0
2.78544036837e-11	0
4.1728244599e-11	7.34075285725e-27
5.56020855143e-11	1.58557169423e-16
6.94759264296e-11	3.59626933268e-12
8.33497673448e-11	9.17999400454e-13
9.72236082601e-11	-2.17267311997e-13
1.11097449175e-10	1.03460968959e-10
1.24971290091e-10	-1.59991256354e-10
1.38845131006e-10	-1.47945239393e-10
1.52718971921e-10	-3.1088173702e-10
1.66592812836e-10	8.45625236501e-10
1.80466653752e-10	-1.12328280011e-09
1.94340494667e-10	-1.51609580445e-09
2.08214335582e-10	-2.27170238176e-09
2.22088176498e-10	6.84586831667e-11
2.35962017413e-10	4.29022373183e-09
2.49835858328e-10	1.12168851985e-08
2.63709699243e-10	1.99649221599e-08
2.77583540159e-10	2.42053186383e-08
2.91457381074e-10	2.02738235089e-08
3.05331221989e-10	2.7803013225e-09
3.19205062905e-10	-3.06666976257e-08
3.3307890382e-10	-7.49637649733e-08
3.46952744735e-10	-1.17151209622e-07
3.6082658565e-10	-1.34232038818e-07
3.74700426566e-10	-1.05942632445e-07
3.88574267481e-10	-2.07961861065e-08
4.02448108396e-10	1.11699591798e-07
4.16321949311e-10	2.56423618339e-07
4.30195790227e-10	3.60047238246e-07
4.44069631142e-10	3.6919266222e-07
4.57943472057e-10	2.55089503298e-07
4.71817312973e-10	3.24850759625e-08
4.85691153888e-10	-2.3718354214e-07
4.99564994803e-10	-4.62807349777e-07
5.13438835718e-10	-5.58873068712e-07
5.27312676634e-10	-4.82596306028e-07
5.41186517549e-10	-2.54855734738e-07
5.55060358464e-10	4.16515746338e-08
5.68934199379e-10	2.98393786125e-07
5.82808040295e-10	4.23645388992e-07
5.9668188121e-10	3.84074326121e-07
6.10555722125e-10	2.16649141294e-07
6.24429563041e-10	1.04182618088e-08
6.38303403956e-10	-1.36681364893e-07
6.52177244871e-10	-1.63307106504e-07
6.66051085786e-10	-7.25394642132e-08
6.79924926702e-10	7.29069000727e-08
6.93798767617e-10	1.84562892969e-07
7.07672608532e-10	1.92363643237e-07
7.21546449447e-10	8.11448046534e-08
7.35420290363e-10	-1.03246890149e-07
7.49294131278e-10	-2.75945524209e-07
7.63167972193e-10	-3.57022059916e-07
7.77041813109e-10	-3.08881737965e-07
7.90915654024e-10	-1.53350015353e-07
8.04789494939e-10	4.10014138197e-08
8.18663335854e-10	1.94645352281e-07
8.3253717677e-10	2.54808981026e-07
8.46411017685e-10	2.18140925767e-07
8.602848586e-10	1.25485513536e-07
8.74158699515e-10	3.67259502809e-08
8.88032540431e-10	-2.72393663181e-09
9.01906381346e-10	1.56861545975e-08
9.15780222261e-10	6.20221101144e-08
9.29654063177e-10	8.91751810173e-08
9.43527904092e-10	5.89462061384e-08
9.57401745007e-10	-3.41955903593e-08
9.71275585922e-10	-1.59240187259e-07
9.85149426838e-10	-2.62545398755e-07
9.99023267753e-10	-2.94583742289e-07
1.01289710867e-09	-2.34292286905e-07
1.02677094958e-09	-9.92636373098e-08
1.0406447905e-09	6.26394296432e-08
1.05451863141e-09	1.94677227228e-07
1.06839247233e-09	2.56701667922e-07
1.08226631324e-09	2.39484165832e-07
1.09614015416e-09	1.66031284721e-07
1.11001399508e-09	7.50127213678e-08
1.12388783599e-09	1.67397651296e-09
1.13776167691e-09	-3.7856082713e-08
1.15163551782e-09	-4.95375758192e-08
1.16550935874e-09	-5.20203826682e-08
1.17938319965e-09	-6.28644372114e-08
1.19325704057e-09	-8.66603500072e-08
1.20713088148e-09	-1.12413573561e-07
1.2210047224e-09	-1.21901251759e-07
1.23487856331e-09	-1.01100994243e-07
1.24875240423e-09	-4.97824572676e-08
1.26262624514e-09	1.67553206865e-08
1.27650008606e-09	7.46781978478e-08
1.29037392697e-09	1.02979541339e-07
1.30424776789e-09	9.48049034832e-08
1.3181216088e-09	6.0040349581e-08
1.33199544972e-09	2.05872829895e-08
1.34586929063e-09	-1.72856795544e-09
1.35974313155e-09	3.80443587744e-09
1.37361697247e-09	3.12392920421e-08
1.38749081338e-09	6.05118160024e-08
1.4013646543e-09	6.79800038483e-08
1.41523849521e-09	4.01935622563e-08
1.42911233613e-09	-1.94041600565e-08
1.44298617704e-09	-9.05801869067e-08
1.45686001796e-09	-1.45420344211e-07
1.47073385887e-09	-1.61180238933e-07
1.48460769979e-09	-1.30579621782e-07
1.4984815407e-09	-6.50775717759e-08
1.51235538162e-09	1.15930411937e-08
1.52622922253e-09	7.47535437995e-08
1.54010306345e-09	1.08534905507e-07
1.55397690436e-09	1.11535030101e-07
1.56785074528e-09	9.4418368235e-08
1.58172458619e-09	7.16717849514e-08
1.59559842711e-09	5.37851789773e-08
1.60947226803e-09	4.17671373043e-08
1.62334610894e-09	2.80282002052e-08
1.63721994986e-09	3.21348458954e-09
1.65109379077e-09	-3.64611700832e-08
1.66496763169e-09	-8.46221510642e-08
1.6788414726e-09	-1.26155924818e-07
1.69271531352e-09	-1.4306752405e-07
1.70658915443e-09	-1.24193149986e-07
1.72046299535e-09	-7.11500121042e-08
1.73433683626e-09	9.31429156026e-10
1.74821067718e-09	6.89323158554e-08
1.76208451809e-09	1.12240712724e-07
1.77595835901e-09	1.20549586313e-07
1.78983219992e-09	9.78573595489e-08
1.80370604084e-09	5.92782321007e-08
1.81757988175e-09	2.2673512845e-08
1.83145372267e-09	5.81331427441e-10
1.84532756358e-09	-5.35858113437e-09
1.8592014045e-09	-3.03783576072e-09
1.87307524542e-09	-4.02337718697e-09
1.88694908633e-09	-1.68075171558e-08
1.90082292725e-09	-4.12496561353e-08
1.91469676816e-09	-6.89141828047e-08
1.92857060908e-09	-8.71742358299e-08
1.94244444999e-09	-8.6067217353e-08
1.95631829091e-09	-6.31628509495e-08
1.97019213182e-09	-2.47021478827e-08
1.98406597274e-09	1.7090464155e-08
1.99793981365e-09	4.99369363638e-08
2.01181365457e-09	6.69751329951e-08
2.02568749548e-09	6.89968402412e-08
2.0395613364e-09	6.2704103243e-08
2.05343517731e-09	5.59829977931e-08
2.06730901823e-09	5.27202956846e-08
2.08118285914e-09	5.06527300104e-08
2.09505670006e-09	4.29214992437e-08
2.10893054097e-09	2.2425940216e-08
2.12280438189e-09	-1.31866366715e-08
2.13667822281e-09	-5.85783368479e-08
2.15055206372e-09	-1.01701289168e-07
2.16442590464e-09	-1.28629096707e-07
2.17829974555e-09	-1.29142804894e-07
2.19217358647e-09	-1.01055611879e-07
2.20604742738e-09	-5.1303132409e-08
2.2199212683e-09	7.23057169694e-09
2.23379510921e-09	6.01782801368e-08
2.24766895013e-09	9.69365174797e-08
2.26154279104e-09	1.13363576304e-07
2.27541663196e-09	1.11241476475e-07
2.28929047287e-09	9.5883521567e-08
2.30316431379e-09	7.29677509526e-08
2.3170381547e-09	4.58969289241e-08
2.33091199562e-09	1.57664743483e-08
2.34478583653e-09	-1.73101923906e-08
2.35865967745e-09	-5.16605140888e-08
2.37253351837e-09	-8.32198026046e-08
2.38640735928e-09	-1.05822302032e-07
2.4002812002e-09	-1.13231550358e-07
2.41415504111e-09	-1.02004754865e-07
2.42802888203e-09	-7.35458982604e-08
2.44190272294e-09	-3.37630510217e-08
2.45577656386e-09	8.68598526438e-09
2.46965040477e-09	4.55456614645e-08
2.48352424569e-09	7.16315469163e-08
2.4973980866e-09	8.57579536273e-08
2.51127192752e-09	8.98145344763e-08
2.52514576843e-09	8.66974829705e-08
2.53901960935e-09	7.81862894428e-08
2.55289345026e-09	6.42125712602e-08
2.56676729118e-09	4.31029221204e-08
2.58064113209e-09	1.37321194416e-08
2.59451497301e-09	-2.26323901842e-08
2.60838881392e-09	-6.16242132878e-08
2.62226265484e-09	-9.61601926974e-08
2.63613649576e-09	-1.18534934757e-07
2.65001033667e-09	-1.22876301134e-07
2.66388417759e-09	-1.07350004441e-07
2.6777580185e-09	-7.45879447095e-08
2.69163185942e-09	-3.07776062414e-08
2.70550570033e-09	1.63867941438e-08
2.71937954125e-09	5.97080997977e-08
2.73325338216e-09	9.40565669794e-08
2.74712722308e-09	1.16433099606e-07
2.76100106399e-09	1.25491126823e-07
2.77487490491e-09	1.20423408134e-07
2.78874874582e-09	1.00881962339e-07
2.80262258674e-09	6.73023663467e-08
2.81649642765e-09	2.20996412281e-08
2.83037026857e-09	-2.96940605438e-08
2.84424410948e-09	-8.06098441331e-08
2.8581179504e-09	-1.21776437823e-07
2.87199179131e-09	-1.45391055639e-07
2.88586563223e-09	-1.46672121559e-07
2.89973947315e-09	-1.25365687609e-07
2.91361331406e-09	-8.55724380244e-08
2.92748715498e-09	-3.4674933147e-08
2.94136099589e-09	1.88221953579e-08
2.95523483681e-09	6.72593358786e-08
2.96910867772e-09	1.04924303912e-07
2.98298251864e-09	1.28602721361e-07
2.99685635955e-09	1.36992099442e-07
3.01073020047e-09	1.29925538772e-07
3.02460404138e-09	1.08142273803e-07
3.0384778823e-09	7.32139113779e-08
3.05235172321e-09	2.81029706173e-08
3.06622556413e-09	-2.24933103254e-08
3.08009940504e-09	-7.21010877669e-08
3.09397324596e-09	-1.13643359612e-07
3.10784708687e-09	-1.40622717026e-07
3.12172092779e-09	-1.48820362256e-07
3.13559476871e-09	-1.37029942948e-07
3.14946860962e-09	-1.07314590991e-07
3.16334245054e-09	-6.42082085278e-08
3.17721629145e-09	-1.35047031335e-08
3.19109013237e-09	3.88083805092e-08
3.20496397328e-09	8.70613590109e-08
3.2188378142e-09	1.26143518742e-07
3.23271165511e-09	1.51622586486e-07
3.24658549603e-09	1.59647782993e-07
3.26045933694e-09	1.4783098834e-07
3.27433317786e-09	1.1581249737e-07
3.28820701877e-09	6.61348380504e-08
3.30208085969e-09	4.6457220293e-09
3.3159547006e-09	-6.02301213348e-08
3.32982854152e-09	-1.18694472917e-07
3.34370238243e-09	-1.61478340033e-07
3.35757622335e-09	-1.81801922849e-07
3.37145006426e-09	-1.76699629151e-07
3.38532390518e-09	-1.47226174363e-07
3.3991977461e-09	-9.81104761877e-08
3.41307158701e-09	-3.64402694686e-08
3.42694542793e-09	2.96179472059e-08
3.44081926884e-09	9.18890066259e-08
3.45469310976e-09	1.43034128541e-07
3.46856695067e-09	1.76976726607e-07
3.48244079159e-09	1.89209316659e-07
3.4963146325e-09	1.77499600795e-07
3.51018847342e-09	1.42271773029e-07
3.52406231433e-09	8.71705267969e-08
3.53793615525e-09	1.89321678334e-08
3.55180999616e-09	-5.32985922064e-08
3.56568383708e-09	-1.19435355828e-07
3.57955767799e-09	-1.69949331053e-07
3.59343151891e-09	-1.9772205917e-07
3.60730535982e-09	-1.9906332227e-07
3.62117920074e-09	-1.74163801603e-07
3.63505304166e-09	-1.26852640392e-07
3.64892688257e-09	-6.35459684872e-08
3.66280072349e-09	7.6987536346e-09
3.6766745644e-09	7.82083873219e-08
3.69054840532e-09	1.39730545357e-07
3.70442224623e-09	1.84938897974e-07
3.71829608715e-09	2.08053563711e-07
3.73216992806e-09	2.05586047741e-07
3.74604376898e-09	1.76807972707e-07
3.75991760989e-09	1.24319427641e-07
3.77379145081e-09	5.40383879866e-08
3.78766529172e-09	-2.52752165864e-08
3.80153913264e-09	-1.03119077721e-07
3.81541297355e-09	-1.68851684634e-07
3.82928681447e-09	-2.13330423549e-07
3.84316065538e-09	-2.30267389156e-07
3.8570344963e-09	-2.17126370217e-07
3.87090833721e-09	-1.75338968234e-07
3.88478217813e-09	-1.10040119239e-07
3.89865601905e-09	-2.93469941681e-08
3.91252985996e-09	5.66359297238e-08
3.92640370088e-09	1.37107306841e-07
3.94027754179e-09	2.01485221396e-07
3.95415138271e-09	2.4095606932e-07
3.96802522362e-09	2.49577084332e-07
3.98189906454e-09	2.25300198053e-07
3.99577290545e-09	1.70399090393e-07
4.00964674637e-09	9.15986291261e-08
4.02352058728e-09	-8.66277716227e-10
4.0373944282e-09	-9.45066673808e-08
4.05126826911e-09	-1.76566373966e-07
4.06514211003e-09	-2.35868014897e-07
4.07901595094e-09	-2.64438966724e-07
4.09288979186e-09	-2.5848132168e-07
4.10676363277e-09	-2.18828148491e-07
4.12063747369e-09	-1.50504135377e-07
4.1345113146e-09	-6.21493541075e-08
4.14838515552e-09	3.52503164436e-08
4.16225899644e-09	1.29521566805e-07
4.17613283735e-09	2.08720990713e-07
4.19000667827e-09	2.62403432316e-07
4.20388051918e-09	2.83145737967e-07
4.2177543601e-09	2.67456528036e-07
4.23162820101e-09	2.16519822516e-07
4.24550204193e-09	1.36313673238e-07
4.25937588284e-09	3.68227475178e-08
4.27324972376e-09	-6.90919677027e-08
4.28712356467e-09	-1.67453166e-07
4.30099740559e-09	-2.45183656489e-07
4.3148712465e-09	-2.9187398809e-07
4.32874508742e-09	-3.01098509681e-07
4.34261892833e-09	-2.71326115353e-07
4.35649276925e-09	-2.05949334031e-07
4.37036661016e-09	-1.1291759705e-07
4.38424045108e-09	-3.72266484305e-09
4.398114292e-09	1.07894038592e-07
4.41198813291e-09	2.07646081662e-07
4.42586197383e-09	2.82458302081e-07
4.43973581474e-09	3.21999323205e-07
4.45360965566e-09	3.20299335499e-07
4.46748349657e-09	2.76601980431e-07
4.48135733749e-09	1.95761941768e-07
4.4952311784e-09	8.76813572859e-08
4.50910501932e-09	-3.38156311841e-08
4.52297886023e-09	-1.5297720779e-07
4.53685270115e-09	-2.53917733062e-07
4.55072654206e-09	-3.230939285e-07
4.56460038298e-09	-3.50893913037e-07
4.57847422389e-09	-3.32997842634e-07
4.59234806481e-09	-2.71109769301e-07
4.60622190572e-09	-1.72631231976e-07
4.62009574664e-09	-4.98554086903e-08
4.63396958755e-09	8.14861706999e-08
4.64784342847e-09	2.04297691653e-07
4.66171726939e-09	3.02306261801e-07
4.6755911103e-09	3.62212034588e-07
4.68946495122e-09	3.75578139256e-07
4.70333879213e-09	3.39912759273e-07
4.71721263305e-09	2.59273662095e-07
4.73108647396e-09	1.43665729979e-07
4.74496031488e-09	7.74951303129e-09
4.75883415579e-09	-1.30902392925e-07
4.77270799671e-09	-2.54352016782e-07
4.78658183762e-09	-3.46391942685e-07
4.80045567854e-09	-3.9468778823e-07
4.81432951945e-09	-3.92465437926e-07
4.82820336037e-09	-3.39192752108e-07
4.84207720128e-09	-2.40965817966e-07
4.8559510422e-09	-1.0963245245e-07
4.86982488311e-09	3.83159317607e-08
4.88369872403e-09	1.83990920277e-07
4.89757256495e-09	3.08312849029e-07
4.91144640586e-09	3.94598288267e-07
4.92532024678e-09	4.30804902862e-07
4.93919408769e-09	4.11208731066e-07
4.95306792861e-09	3.37459027833e-07
4.96694176952e-09	2.18347224745e-07
4.98081561044e-09	6.8737016079e-08
4.99468945135e-09	-9.21158473943e-08
5.00856329227e-09	-2.43350541496e-07
5.02243713318e-09	-3.6503772094e-07
5.0363109741e-09	-4.40916181788e-07
5.05018481501e-09	-4.60428509541e-07
5.06405865593e-09	-4.20157618919e-07
5.07793249684e-09	-3.24303755406e-07
5.09180633776e-09	-1.84530804859e-07
5.10568017867e-09	-1.82068191634e-08
5.11955401959e-09	1.53451409801e-07
5.1334278605e-09	3.0804002904e-07
5.14730170142e-09	4.25062182785e-07
5.16117554234e-09	4.8850603207e-07
5.17504938325e-09	4.8909095085e-07
5.18892322417e-09	4.25614302912e-07
5.20279706508e-09	3.05315040805e-07
5.216670906e-09	1.43179363477e-07
5.23054474691e-09	-4.03002680116e-08
5.24441858783e-09	-2.21299089276e-07
5.25829242874e-09	-3.76094362764e-07
5.27216626966e-09	-4.83949804675e-07
5.28604011057e-09	-5.30122861164e-07
5.29991395149e-09	-5.07669426497e-07
5.3137877924e-09	-4.18398087731e-07
5.32766163332e-09	-2.73003308848e-07
5.34153547423e-09	-8.95834233461e-08
5.35540931515e-09	1.08430846524e-07
5.36928315606e-09	2.95463053135e-07
5.38315699698e-09	4.46878743787e-07
5.39703083789e-09	5.42342604604e-07
5.41090467881e-09	5.68617736008e-07
5.42477851973e-09	5.21159392974e-07
5.43865236064e-09	4.05047586582e-07
5.45252620156e-09	2.34323778159e-07
5.46640004247e-09	3.03584855033e-08
5.48027388339e-09	-1.80675215233e-07
5.4941477243e-09	-3.71632495444e-07
5.50802156522e-09	-5.17117371146e-07
5.52189540613e-09	-5.97544328684e-07
5.53576924705e-09	-6.01240742526e-07
5.54964308796e-09	-5.26417238689e-07
5.56351692888e-09	-3.8135422642e-07
5.57739076979e-09	-1.83891586403e-07
5.59126461071e-09	4.10575253795e-08
5.60513845162e-09	2.64500329195e-07
5.61901229254e-09	4.57065283399e-07
5.63288613345e-09	5.93016238781e-07
5.64675997437e-09	6.53544589113e-07
5.66063381529e-09	6.29642329386e-07
5.6745076562e-09	5.22967638972e-07
5.68838149712e-09	3.46251624705e-07
5.70225533803e-09	1.21591085644e-07
5.71612917895e-09	-1.22381550227e-07
5.73000301986e-09	-3.5416803712e-07
5.74387686078e-09	-5.43221688076e-07
5.75775070169e-09	-6.64412311835e-07
5.77162454261e-09	-7.00653458807e-07
5.78549838352e-09	-6.45936154342e-07
5.79937222444e-09	-5.05839750531e-07
5.81324606535e-09	-2.97369837199e-07
5.82711990627e-09	-4.64472691419e-08
5.84099374718e-09	2.14768377305e-07
5.8548675881e-09	4.52268039908e-07
5.86874142901e-09	6.34488060314e-07
5.88261526993e-09	7.36888921438e-07
5.89648911084e-09	7.44566932553e-07
5.91036295176e-09	6.5505554403e-07
5.92423679268e-09	4.78330264286e-07
5.93811063359e-09	2.36418486566e-07
5.95198447451e-09	-4.02494464424e-08
5.96585831542e-09	-3.15898603276e-07
5.97973215634e-09	-5.54509540507e-07
5.99360599725e-09	-7.24401672869e-07
6.00747983817e-09	-8.02218778517e-07
6.02135367908e-09	-7.76444721851e-07
6.03522752e-09	-6.48775483114e-07
6.04910136091e-09	-4.3427695573e-07
6.06297520183e-09	-1.59515494147e-07
6.07684904274e-09	1.40429847306e-07
6.09072288366e-09	4.27030983019e-07
6.10459672457e-09	6.6260594167e-07
6.11847056549e-09	8.15472105842e-07
6.1323444064e-09	8.64512173848e-07
6.14621824732e-09	8.01485953161e-07
6.16009208823e-09	6.32817773294e-07
6.17396592915e-09	3.7867937408e-07
6.18783977007e-09	7.09045480107e-08
6.20171361098e-09	-2.51099038451e-07
6.2155874519e-09	-5.45566706478e-07
6.22946129281e-09	-7.73390297581e-07
6.24333513373e-09	-9.03872546587e-07
6.25720897464e-09	-9.18063676636e-07
6.27108281556e-09	-8.12307689557e-07
6.28495665647e-09	-5.98491396886e-07
6.29883049739e-09	-3.02900389215e-07
6.3127043383e-09	3.72385713376e-08
6.32657817922e-09	3.77953341513e-07
6.34045202013e-09	6.74676300605e-07
6.35432586105e-09	8.88086958639e-07
6.36819970196e-09	9.88835040516e-07
6.38207354288e-09	9.6203564226e-07
6.39594738379e-09	8.09241726074e-07
