% time-domain current integration by openEMS v0.0.36-145-g8ee535b @Thu Apr  2 14:33:36 2026
% start-coordinates: (-0.000762712,-0.014,0) m -> [28,0,1]
% stop-coordinates: (0.000457627,-0.009,0) m -> [32,1,1]
% t/s	current
1.06721853194e-13	0
1.39805627685e-11	0
2.78544036837e-11	9.81950548844e-29
4.1728244599e-11	7.50970601893e-15
5.56020855143e-11	4.24515110564e-12
6.94759264296e-11	2.63457922145e-10
8.33497673448e-11	-4.23823864892e-10
9.72236082601e-11	-7.28113125348e-11
1.11097449175e-10	-4.95153473778e-10
1.24971290091e-10	-1.34633215687e-09
1.38845131006e-10	-2.33303776298e-09
1.52718971921e-10	-3.57932705697e-09
1.66592812836e-10	-3.36922489907e-09
1.80466653752e-10	-1.1823431123e-09
1.94340494667e-10	5.28808197231e-09
2.08214335582e-10	1.53032004846e-08
2.22088176498e-10	2.73148614838e-08
2.35962017413e-10	3.59260496907e-08
2.49835858328e-10	3.44593615864e-08
2.63709699243e-10	1.6706593442e-08
2.77583540159e-10	-2.33575008224e-08
2.91457381074e-10	-8.15018310618e-08
3.05331221989e-10	-1.42964211136e-07
3.19205062905e-10	-1.83787847163e-07
3.3307890382e-10	-1.77375568455e-07
3.46952744735e-10	-1.05917933979e-07
3.6082658565e-10	2.81576149064e-08
3.74700426566e-10	1.96137079911e-07
3.88574267481e-10	3.47527475242e-07
4.02448108396e-10	4.25464634191e-07
4.16321949311e-10	3.92128868043e-07
4.30195790227e-10	2.45654291575e-07
4.44069631142e-10	2.8358954296e-08
4.57943472057e-10	-1.88798367162e-07
4.71817312973e-10	-3.3093510865e-07
4.85691153888e-10	-3.55220436177e-07
4.99564994803e-10	-2.66872120847e-07
5.13438835718e-10	-1.19033302326e-07
5.27312676634e-10	1.14669092e-08
5.41186517549e-10	6.17001205683e-08
5.55060358464e-10	1.13436726679e-08
5.68934199379e-10	-1.05751041701e-07
5.82808040295e-10	-2.19691628445e-07
5.9668188121e-10	-2.58027739619e-07
6.10555722125e-10	-1.82985331776e-07
6.24429563041e-10	-1.20288632388e-08
6.38303403956e-10	1.90410673895e-07
6.52177244871e-10	3.40291535394e-07
6.66051085786e-10	3.73979219148e-07
6.79924926702e-10	2.7989881346e-07
6.93798767617e-10	1.0295843822e-07
7.07672608532e-10	-7.53366293793e-08
7.21546449447e-10	-1.75070908881e-07
7.35420290363e-10	-1.54638200911e-07
7.49294131278e-10	-3.04923162275e-08
7.63167972193e-10	1.31230763145e-07
7.77041813109e-10	2.44413513428e-07
7.90915654024e-10	2.44947386818e-07
8.04789494939e-10	1.19808191812e-07
8.18663335854e-10	-8.59599822434e-08
8.3253717677e-10	-2.88340288535e-07
8.46411017685e-10	-4.02841124014e-07
8.602848586e-10	-3.81740846933e-07
8.74158699515e-10	-2.35102106672e-07
8.88032540431e-10	-2.64776645054e-08
9.01906381346e-10	1.56149781105e-07
9.15780222261e-10	2.38144366449e-07
9.29654063177e-10	1.92663037524e-07
9.43527904092e-10	5.1538563639e-08
9.57401745007e-10	-1.11662529889e-07
9.71275585922e-10	-2.12017994272e-07
9.85149426838e-10	-1.94936944808e-07
9.99023267753e-10	-5.98679363861e-08
1.01289710867e-09	1.39139842759e-07
1.02677094958e-09	3.17344415635e-07
1.0406447905e-09	3.96791733692e-07
1.05451863141e-09	3.39757207257e-07
1.06839247233e-09	1.65554212117e-07
1.08226631324e-09	-5.86092028243e-08
1.09614015416e-09	-2.48364244726e-07
1.11001399508e-09	-3.36956759384e-07
1.12388783599e-09	-3.03285105474e-07
1.13776167691e-09	-1.76856133294e-07
1.15163551782e-09	-2.29224781378e-08
1.16550935874e-09	8.92198954716e-08
1.17938319965e-09	1.16841874842e-07
1.19325704057e-09	6.05821242061e-08
1.20713088148e-09	-3.78868207918e-08
1.2210047224e-09	-1.18890284284e-07
1.23487856331e-09	-1.34164110932e-07
1.24875240423e-09	-6.95948756402e-08
1.26262624514e-09	4.81381050577e-08
1.27650008606e-09	1.65162418853e-07
1.29037392697e-09	2.25735902859e-07
1.30424776789e-09	1.99458554562e-07
1.3181216088e-09	9.49723926169e-08
1.33199544972e-09	-4.3367890612e-08
1.34586929063e-09	-1.55894213094e-07
1.35974313155e-09	-1.94433368961e-07
1.37361697247e-09	-1.43642125749e-07
1.38749081338e-09	-2.83824590497e-08
1.4013646543e-09	9.89497266346e-08
1.41523849521e-09	1.80563347385e-07
1.42911233613e-09	1.79902144737e-07
1.44298617704e-09	9.60781108006e-08
1.45686001796e-09	-3.55153133569e-08
1.47073385887e-09	-1.60517856784e-07
1.48460769979e-09	-2.28122075896e-07
1.4984815407e-09	-2.1408146722e-07
1.51235538162e-09	-1.2810590988e-07
1.52622922253e-09	-9.01400198927e-09
1.54010306345e-09	9.43788336372e-08
1.55397690436e-09	1.44419118442e-07
1.56785074528e-09	1.29618229039e-07
1.58172458619e-09	6.77653133607e-08
1.59559842711e-09	-4.86409135192e-09
1.60947226803e-09	-5.12301880917e-08
1.62334610894e-09	-5.09236883772e-08
1.63721994986e-09	-8.11050426819e-09
1.65109379077e-09	5.21221750205e-08
1.66496763169e-09	9.66212496678e-08
1.6788414726e-09	1.0074995771e-07
1.69271531352e-09	5.9746412262e-08
1.70658915443e-09	-9.81452785709e-09
1.72046299535e-09	-7.77402533458e-08
1.73433683626e-09	-1.15582679427e-07
1.74821067718e-09	-1.08744160343e-07
1.76208451809e-09	-6.3434384856e-08
1.77595835901e-09	-2.77290723716e-09
1.78983219992e-09	4.41839347332e-08
1.80370604084e-09	5.65752031889e-08
1.81757988175e-09	3.09072163418e-08
1.83145372267e-09	-1.78715424681e-08
1.84532756358e-09	-6.35888852685e-08
1.8592014045e-09	-8.13912492958e-08
1.87307524542e-09	-5.95583813379e-08
1.88694908633e-09	-4.50373693894e-09
1.90082292725e-09	6.16171647039e-08
1.91469676816e-09	1.11490329857e-07
1.92857060908e-09	1.24176210647e-07
1.94244444999e-09	9.46681524283e-08
1.95631829091e-09	3.53010563003e-08
1.97019213182e-09	-3.04075342683e-08
1.98406597274e-09	-7.73481190208e-08
1.99793981365e-09	-9.00429313333e-08
2.01181365457e-09	-6.81689868998e-08
2.02568749548e-09	-2.55782310887e-08
2.0395613364e-09	1.66247033917e-08
2.05343517731e-09	3.9907632754e-08
2.06730901823e-09	3.60431897661e-08
2.08118285914e-09	1.00739612208e-08
2.09505670006e-09	-2.32420802604e-08
2.10893054097e-09	-4.67682070848e-08
2.12280438189e-09	-4.89008584736e-08
2.13667822281e-09	-2.88887349598e-08
2.15055206372e-09	3.8928220647e-09
2.16442590464e-09	3.44976349709e-08
2.17829974555e-09	4.97390431065e-08
2.19217358647e-09	4.42121290689e-08
2.20604742738e-09	2.23412826017e-08
2.2199212683e-09	-4.19109369432e-09
2.23379510921e-09	-2.22326264065e-08
2.24766895013e-09	-2.34132642163e-08
2.26154279104e-09	-8.08748268355e-09
2.27541663196e-09	1.52304266976e-08
2.28929047287e-09	3.38455379278e-08
2.30316431379e-09	3.70323220977e-08
2.3170381547e-09	2.12412771816e-08
2.33091199562e-09	-8.15680678556e-09
2.34478583653e-09	-3.91506631559e-08
2.35865967745e-09	-5.82926986681e-08
2.37253351837e-09	-5.68956579627e-08
2.38640735928e-09	-3.46379351868e-08
2.4002812002e-09	6.60520527163e-11
2.41415504111e-09	3.37737446898e-08
2.42802888203e-09	5.35964659321e-08
2.44190272294e-09	5.2668411854e-08
2.45577656386e-09	3.2590129706e-08
2.46965040477e-09	2.55548116002e-09
2.48352424569e-09	-2.50408902502e-08
2.4973980866e-09	-3.9754354475e-08
2.51127192752e-09	-3.72092472389e-08
2.52514576843e-09	-2.05687911148e-08
2.53901960935e-09	1.6853505258e-09
2.55289345026e-09	1.96886844606e-08
2.56676729118e-09	2.67091877504e-08
2.58064113209e-09	2.17283897541e-08
2.59451497301e-09	9.31521526581e-09
2.60838881392e-09	-3.05703906633e-09
2.62226265484e-09	-8.81914274942e-09
2.63613649576e-09	-5.3450435189e-09
2.65001033667e-09	4.77751882499e-09
2.66388417759e-09	1.54473696057e-08
2.6777580185e-09	1.99518126465e-08
2.69163185942e-09	1.45491583226e-08
2.70550570033e-09	2.71398903351e-10
2.71937954125e-09	-1.73810121851e-08
2.73325338216e-09	-3.10283780891e-08
2.74712722308e-09	-3.46859110323e-08
2.76100106399e-09	-2.65894186668e-08
2.77487490491e-09	-1.00369561551e-08
2.78874874582e-09	8.39577296574e-09
2.80262258674e-09	2.13782698211e-08
2.81649642765e-09	2.44618192369e-08
2.83037026857e-09	1.77152230663e-08
2.84424410948e-09	5.64313040741e-09
2.8581179504e-09	-4.9797677093e-09
2.87199179131e-09	-8.41993141876e-09
2.88586563223e-09	-2.55835175267e-09
2.89973947315e-09	1.01345563053e-08
2.91361331406e-09	2.36047412727e-08
2.92748715498e-09	3.09651397856e-08
2.94136099589e-09	2.76764779983e-08
2.95523483681e-09	1.35611202268e-08
2.96910867772e-09	-7.11906977813e-09
2.98298251864e-09	-2.73005866802e-08
2.99685635955e-09	-4.01432771469e-08
3.01073020047e-09	-4.1667988171e-08
3.02460404138e-09	-3.22181676893e-08
3.0384778823e-09	-1.5939832565e-08
3.05235172321e-09	1.16926912597e-09
3.06622556413e-09	1.39465896609e-08
3.08009940504e-09	1.98787688532e-08
3.09397324596e-09	1.9813455765e-08
3.10784708687e-09	1.69294480656e-08
3.12172092779e-09	1.47794594341e-08
3.13559476871e-09	1.5362729755e-08
3.14946860962e-09	1.81026962309e-08
3.16334245054e-09	2.03347667593e-08
3.17721629145e-09	1.86676345493e-08
3.19109013237e-09	1.10673568088e-08
3.20496397328e-09	-1.94319227376e-09
3.2188378142e-09	-1.70473413164e-08
3.23271165511e-09	-2.9513159916e-08
3.24658549603e-09	-3.50370328306e-08
3.26045933694e-09	-3.16020987157e-08
3.27433317786e-09	-2.04053094421e-08
3.28820701877e-09	-5.2187907329e-09
3.30208085969e-09	8.9351317456e-09
3.3159547006e-09	1.81241830433e-08
3.32982854152e-09	2.06489971788e-08
3.34370238243e-09	1.77348056241e-08
3.35757622335e-09	1.24670123114e-08
3.37145006426e-09	8.28447355161e-09
3.38532390518e-09	7.36451966077e-09
3.3991977461e-09	9.55284917836e-09
3.41307158701e-09	1.27546151418e-08
3.42694542793e-09	1.38394113947e-08
3.44081926884e-09	1.04251398625e-08
3.45469310976e-09	2.00407157536e-09
3.46856695067e-09	-9.62211288424e-09
3.48244079159e-09	-2.09530526263e-08
3.4963146325e-09	-2.82476548819e-08
3.51018847342e-09	-2.89301738121e-08
3.52406231433e-09	-2.26539498271e-08
3.53793615525e-09	-1.12471596481e-08
3.55180999616e-09	2.07410266739e-09
3.56568383708e-09	1.3881049199e-08
3.57955767799e-09	2.187937298e-08
3.59343151891e-09	2.53421603702e-08
3.60730535982e-09	2.50028051596e-08
3.62117920074e-09	2.23449205805e-08
3.63505304166e-09	1.8597233975e-08
3.64892688257e-09	1.42644864809e-08
3.66280072349e-09	8.98845087249e-09
3.6766745644e-09	2.13793782677e-09
3.69054840532e-09	-6.50254605716e-09
3.70442224623e-09	-1.61439857038e-08
3.71829608715e-09	-2.49028744292e-08
3.73216992806e-09	-3.03643901134e-08
3.74604376898e-09	-3.04404466078e-08
3.75991760989e-09	-2.43143176704e-08
3.77379145081e-09	-1.28102630725e-08
3.78766529172e-09	1.5855903257e-09
3.80153913264e-09	1.57008344104e-08
3.81541297355e-09	2.65307562586e-08
3.82928681447e-09	3.22017967846e-08
3.84316065538e-09	3.24017719322e-08
3.8570344963e-09	2.81814891423e-08
3.87090833721e-09	2.1330833988e-08
3.88478217813e-09	1.35354127906e-08
3.89865601905e-09	5.95426996597e-09
3.91252985996e-09	-1.18984644359e-09
3.92640370088e-09	-8.13508904685e-09
3.94027754179e-09	-1.5073396753e-08
3.95415138271e-09	-2.16497255678e-08
3.96802522362e-09	-2.68510120804e-08
3.98189906454e-09	-2.91759079118e-08
3.99577290545e-09	-2.72036686511e-08
4.00964674637e-09	-2.03607442018e-08
4.02352058728e-09	-9.18581122278e-09
4.0373944282e-09	4.51518644695e-09
4.05126826911e-09	1.82666326509e-08
4.06514211003e-09	2.9503667065e-08
4.07901595094e-09	3.62990704161e-08
4.09288979186e-09	3.78089453079e-08
4.10676363277e-09	3.43275132764e-08
4.12063747369e-09	2.69442352874e-08
4.1345113146e-09	1.70784559828e-08
4.14838515552e-09	5.9746412262e-09
4.16225899644e-09	-5.35931121703e-09
4.17613283735e-09	-1.61663820109e-08
4.19000667827e-09	-2.5696067496e-08
4.20388051918e-09	-3.29638396579e-08
4.2177543601e-09	-3.67158463632e-08
4.23162820101e-09	-3.57582621291e-08
4.24550204193e-09	-2.93236439575e-08
4.25937588284e-09	-1.7619484538e-08
4.27324972376e-09	-1.97729832507e-09
4.28712356467e-09	1.51796939463e-08
4.30099740559e-09	3.08596099785e-08
4.3148712465e-09	4.21698587161e-08
4.32874508742e-09	4.71427483717e-08
4.34261892833e-09	4.50579591416e-08
4.35649276925e-09	3.66684389519e-08
4.37036661016e-09	2.37857307184e-08
4.38424045108e-09	8.71619931786e-09
4.398114292e-09	-6.2582330429e-09
4.41198813291e-09	-1.93946334548e-08
4.42586197383e-09	-2.95161726172e-08
4.43973581474e-09	-3.60046215064e-08
4.45360965566e-09	-3.84980012313e-08
4.46748349657e-09	-3.68120254279e-08
4.48135733749e-09	-3.08052108267e-08
4.4952311784e-09	-2.06377848144e-08
4.50910501932e-09	-6.98742042005e-09
4.52297886023e-09	8.77957972989e-09
4.53685270115e-09	2.46316176344e-08
4.55072654206e-09	3.82301550417e-08
4.56460038298e-09	4.71659404866e-08
4.57847422389e-09	4.98383769809e-08
4.59234806481e-09	4.56803945781e-08
4.60622190572e-09	3.51984112967e-08
4.62009574664e-09	2.01313028469e-08
4.63396958755e-09	2.72257238976e-09
4.64784342847e-09	-1.45204239743e-08
4.66171726939e-09	-2.93948687613e-08
4.6755911103e-09	-4.01682882512e-08
4.68946495122e-09	-4.58164777228e-08
4.70333879213e-09	-4.57952182842e-08
4.71721263305e-09	-4.01834086006e-08
4.73108647396e-09	-2.93540267648e-08
4.74496031488e-09	-1.42747182963e-08
4.75883415579e-09	3.55248630513e-09
4.77270799671e-09	2.20596803047e-08
4.78658183762e-09	3.8868165575e-08
4.80045567854e-09	5.14207840752e-08
4.81432951945e-09	5.76310412725e-08
4.82820336037e-09	5.62034756513e-08
4.84207720128e-09	4.70577106171e-08
4.8559510422e-09	3.1340320561e-08
4.86982488311e-09	1.12565885502e-08
4.88369872403e-09	-1.02295416582e-08
4.89757256495e-09	-3.00897227135e-08
4.91144640586e-09	-4.55847839476e-08
4.92532024678e-09	-5.47818217456e-08
4.93919408769e-09	-5.65441951039e-08
4.95306792861e-09	-5.08566699864e-08
4.96694176952e-09	-3.85377347811e-08
4.98081561044e-09	-2.10069117657e-08
4.99468945135e-09	-3.88354237657e-10
5.00856329227e-09	2.0880406737e-08
5.02243713318e-09	4.01923898607e-08
5.0363109741e-09	5.50935510546e-08
5.05018481501e-09	6.34320258541e-08
5.06405865593e-09	6.39172412775e-08
5.07793249684e-09	5.62475861443e-08
5.09180633776e-09	4.12208578382e-08
5.10568017867e-09	2.07215862247e-08
5.11955401959e-09	-2.59831267613e-09
5.1334278605e-09	-2.55161012319e-08
5.14730170142e-09	-4.51027517556e-08
5.16117554234e-09	-5.87269823882e-08
5.17504938325e-09	-6.46682565275e-08
5.18892322417e-09	-6.21746494289e-08
5.20279706508e-09	-5.15130977874e-08
5.216670906e-09	-3.38823724633e-08
5.23054474691e-09	-1.14053477773e-08
5.24441858783e-09	1.33481989906e-08
5.25829242874e-09	3.72522208636e-08
5.27216626966e-09	5.72770204599e-08
5.28604011057e-09	7.07020717527e-08
5.29991395149e-09	7.53948370402e-08
5.3137877924e-09	7.05233560439e-08
5.32766163332e-09	5.63107960261e-08
5.34153547423e-09	3.45032979965e-08
5.35540931515e-09	7.87383669376e-09
5.36928315606e-09	-2.00452632271e-08
5.38315699698e-09	-4.53219399787e-08
5.39703083789e-09	-6.46264197712e-08
5.41090467881e-09	-7.52618234401e-08
5.42477851973e-09	-7.58777787269e-08
5.43865236064e-09	-6.63453647576e-08
5.45252620156e-09	-4.7912124046e-08
5.46640004247e-09	-2.28650094414e-08
5.48027388339e-09	5.73436409468e-09
5.4941477243e-09	3.42893144989e-08
5.50802156522e-09	5.92310698266e-08
5.52189540613e-09	7.73090960138e-08
5.53576924705e-09	8.60679847392e-08
5.54964308796e-09	8.4058910943e-08
5.56351692888e-09	7.12586825102e-08
5.57739076979e-09	4.89896763156e-08
5.59126461071e-09	2.00159888664e-08
5.60513845162e-09	-1.19503056339e-08
5.61901229254e-09	-4.25961843575e-08
5.63288613345e-09	-6.77771367918e-08
5.64675997437e-09	-8.39931999508e-08
5.66063381529e-09	-8.90051978786e-08
5.6745076562e-09	-8.21005414764e-08
5.68838149712e-09	-6.41061888018e-08
5.70225533803e-09	-3.73732795822e-08
5.71612917895e-09	-5.31804289494e-09
5.73000301986e-09	2.80056156043e-08
5.74387686078e-09	5.84407189308e-08
5.75775070169e-09	8.20973582449e-08
5.77162454261e-09	9.59089447861e-08
5.78549838352e-09	9.80528511718e-08
5.79937222444e-09	8.78301307239e-08
5.81324606535e-09	6.6390612119e-08
5.82711990627e-09	3.60727767656e-08
5.84099374718e-09	5.69116309634e-10
5.8548675881e-09	-3.55605607183e-08
5.86874142901e-09	-6.76100171404e-08
5.88261526993e-09	-9.10954440769e-08
5.89648911084e-09	-1.02818376035e-07
5.91036295176e-09	-1.00749730336e-07
5.92423679268e-09	-8.49959178595e-08
5.93811063359e-09	-5.74159457756e-08
5.95198447451e-09	-2.1576056497e-08
5.96585831542e-09	1.79552444024e-08
5.97973215634e-09	5.59002728551e-08
5.99360599725e-09	8.73001226864e-08
6.00747983817e-09	1.07992946141e-07
6.02135367908e-09	1.15237071441e-07
6.03522752e-09	1.07859477794e-07
6.04910136091e-09	8.66643858899e-08
6.06297520183e-09	5.41698668144e-08
6.07684904274e-09	1.43772922456e-08
6.09072288366e-09	-2.76804712485e-08
6.10459672457e-09	-6.66473169986e-08
6.11847056549e-09	-9.73382157099e-08
6.1323444064e-09	-1.15631792141e-07
6.14621824732e-09	-1.18877778732e-07
6.16009208823e-09	-1.06314928416e-07
6.17396592915e-09	-7.927610568e-08
6.18783977007e-09	-4.10896632275e-08
6.20171361098e-09	3.46949491359e-09
6.2155874519e-09	4.85606506118e-08
6.22946129281e-09	8.83887878445e-08
6.24333513373e-09	1.17483978102e-07
6.25720897464e-09	1.319895091e-07
6.27108281556e-09	1.29725776787e-07
6.28495665647e-09	1.10806922748e-07
6.29883049739e-09	7.73749775362e-08
6.3127043383e-09	3.36287939717e-08
6.32657817922e-09	-1.49411789607e-08
6.34045202013e-09	-6.20048012934e-08
6.35432586105e-09	-1.01543719211e-07
6.36819970196e-09	-1.28174178826e-07
6.38207354288e-09	-1.38296854857e-07
6.39594738379e-09	-1.3028829926e-07
