% time-domain voltage integration by openEMS v0.0.36-145-g8ee535b @Thu Apr  2 14:33:36 2026
% start-coordinates: (-0.000152542,0.009,0) m -> [30,60,1]
% stop-coordinates: (-0.000152542,0.009,0.000508) m -> [30,60,2]
% t/s	voltage
0	-0
1.38738409153e-11	-0
2.77476818305e-11	-0
4.16215227458e-11	2.78272716607e-16
5.54953636611e-11	1.23346654071e-11
6.93692045764e-11	-1.3366017626e-08
8.32430454916e-11	-3.84312066615e-08
9.71168864069e-11	-6.94727759765e-08
1.10990727322e-10	2.90892678834e-08
1.24864568237e-10	2.01819730705e-07
1.38738409153e-10	4.96500263125e-07
1.52612250068e-10	9.03338957414e-07
1.66486090983e-10	1.20406480164e-06
1.80359931899e-10	1.13216856334e-06
1.94233772814e-10	1.71363296886e-07
2.08107613729e-10	-2.03891772799e-06
2.21981454644e-10	-5.56278291697e-06
2.3585529556e-10	-9.59046428761e-06
2.49729136475e-10	-1.24145763039e-05
2.6360297739e-10	-1.14397571451e-05
2.77476818305e-10	-4.01686884288e-06
2.91350659221e-10	1.1045647625e-05
3.05224500136e-10	3.16994774039e-05
3.19098341051e-10	5.17743465025e-05
3.32972181967e-10	6.17089972366e-05
3.46846022882e-10	5.19253044331e-05
3.60719863797e-10	1.74467058969e-05
3.74593704712e-10	-3.72774738935e-05
3.88467545628e-10	-9.64507562458e-05
4.02341386543e-10	-0.000136412869324
4.16215227458e-10	-0.000134351983434
4.30089068374e-10	-7.96344465925e-05
4.43962909289e-10	1.73837652255e-05
4.57836750204e-10	0.000124669400975
4.71710591119e-10	0.000198303881916
4.85584432035e-10	0.000200352413231
4.9945827295e-10	0.000117467767268
5.13332113865e-10	-2.90782918455e-05
5.2720595478e-10	-0.000188292848179
5.41079795696e-10	-0.000298748869682
5.54953636611e-10	-0.000314945005812
5.68827477526e-10	-0.000227662079851
5.82701318442e-10	-6.87639112584e-05
5.96575159357e-10	0.000102710648207
6.10449000272e-10	0.000227179640206
6.24322841187e-10	0.000270353222732
6.38196682103e-10	0.000236405016039
6.52070523018e-10	0.000161798947374
6.65944363933e-10	9.37835429795e-05
6.79818204848e-10	6.49585199426e-05
6.93692045764e-10	7.68908575992e-05
7.07565886679e-10	0.000101297111541
7.21439727594e-10	9.7129457572e-05
7.3531356851e-10	3.49587353412e-05
7.49187409425e-10	-8.43656162033e-05
7.6306125034e-10	-0.000226491683861
7.76935091255e-10	-0.000337250734447
7.90808932171e-10	-0.000367516826373
8.04682773086e-10	-0.000296613347018
8.18556614001e-10	-0.000143393102917
8.32430454916e-10	4.07482220908e-05
8.46304295832e-10	0.000193586747628
8.60178136747e-10	0.000268569041509
8.74051977662e-10	0.00025368045317
8.87925818578e-10	0.000173900683876
9.01799659493e-10	7.68350219005e-05
9.15673500408e-10	8.80925290403e-06
9.29547341323e-10	-6.51550362818e-06
9.43421182239e-10	2.32373786275e-05
9.57295023154e-10	6.6626991611e-05
9.71168864069e-10	8.72312448337e-05
9.85042704984e-10	6.34538955637e-05
9.989165459e-10	-7.96368112788e-07
1.01279038682e-09	-7.94541774667e-05
1.02666422773e-09	-0.000138858056744
1.04053806865e-09	-0.000155477668159
1.05441190956e-09	-0.000127143604914
1.06828575048e-09	-7.25111240172e-05
1.08215959139e-09	-1.98828311113e-05
1.09603343231e-09	8.24395738164e-06
1.10990727322e-09	6.53365077596e-06
1.12378111414e-09	-1.180523941e-05
1.13765495505e-09	-2.37136846408e-05
1.15152879597e-09	-1.01208497654e-05
1.16540263688e-09	3.26442386722e-05
1.1792764778e-09	9.00772938621e-05
1.19315031871e-09	0.000136713511893
1.20702415963e-09	0.000149517029058
1.22089800054e-09	0.000120102893561
1.23477184146e-09	5.92805881752e-05
1.24864568237e-09	-8.45264003146e-06
1.26251952329e-09	-5.71987002331e-05
1.27639336421e-09	-7.23353296053e-05
1.29026720512e-09	-5.66707894905e-05
1.30414104604e-09	-2.72780544037e-05
1.31801488695e-09	-5.13185659656e-06
1.33188872787e-09	-3.52480856236e-06
1.34576256878e-09	-2.15297259274e-05
1.3596364097e-09	-4.56472771475e-05
1.37351025061e-09	-5.83159453527e-05
1.38738409153e-09	-4.81406932522e-05
1.40125793244e-09	-1.63296517712e-05
1.41513177336e-09	2.39625114773e-05
1.42900561427e-09	5.46600240341e-05
1.44287945519e-09	6.23544110567e-05
1.4567532961e-09	4.52421627415e-05
1.47062713702e-09	1.38865652843e-05
1.48450097793e-09	-1.44293371704e-05
1.49837481885e-09	-2.47618027061e-05
1.51224865976e-09	-1.21319662867e-05
1.52612250068e-09	1.60123236128e-05
1.5399963416e-09	4.38491661043e-05
1.55387018251e-09	5.54692305741e-05
1.56774402343e-09	4.30821928603e-05
1.58161786434e-09	1.10098335426e-05
1.59549170526e-09	-2.66228307737e-05
1.60936554617e-09	-5.3078198107e-05
1.62323938709e-09	-5.72163371544e-05
1.637113228e-09	-3.86722604162e-05
1.65098706892e-09	-7.35031244403e-06
1.66486090983e-09	2.19073845074e-05
1.67873475075e-09	3.66675012629e-05
1.69260859166e-09	3.24970387737e-05
1.70648243258e-09	1.41304699355e-05
1.72035627349e-09	-7.7729273471e-06
1.73423011441e-09	-2.24515897571e-05
1.74810395532e-09	-2.41777961492e-05
1.76197779624e-09	-1.44486493809e-05
1.77585163716e-09	-2.70436430583e-07
1.78972547807e-09	1.01350160548e-05
1.80359931899e-09	1.18881907838e-05
1.8174731599e-09	5.9140547819e-06
1.83134700082e-09	-1.93954838323e-06
1.84522084173e-09	-4.45014302386e-06
1.85909468265e-09	2.55678241956e-06
1.87296852356e-09	1.75338645931e-05
1.88684236448e-09	3.35654876835e-05
1.90071620539e-09	4.18427662225e-05
1.91459004631e-09	3.62460596079e-05
1.92846388722e-09	1.67786492966e-05
1.94233772814e-09	-1.00359611679e-05
1.95621156905e-09	-3.40949009114e-05
1.97008540997e-09	-4.63943579234e-05
1.98395925088e-09	-4.31537991972e-05
1.9978330918e-09	-2.73320401902e-05
2.01170693271e-09	-6.89915214025e-06
2.02558077363e-09	9.1562178568e-06
2.03945461455e-09	1.50139421748e-05
2.05332845546e-09	1.04282844404e-05
2.06720229638e-09	2.42001988227e-07
2.08107613729e-09	-8.42616645969e-06
2.09494997821e-09	-9.96326889435e-06
2.10882381912e-09	-2.97053702525e-06
2.12269766004e-09	9.28123336053e-06
2.13657150095e-09	2.08062992897e-05
2.15044534187e-09	2.61331588263e-05
2.16431918278e-09	2.3116441298e-05
2.1781930237e-09	1.3868950191e-05
2.19206686461e-09	3.40426413459e-06
2.20594070553e-09	-3.22204141412e-06
2.21981454644e-09	-3.70623456547e-06
2.23368838736e-09	3.4824188333e-07
2.24756222827e-09	4.46309422841e-06
2.26143606919e-09	3.9473779907e-06
2.2753099101e-09	-3.30556940753e-06
2.28918375102e-09	-1.54651424964e-05
2.30305759194e-09	-2.75222027994e-05
2.31693143285e-09	-3.37894562108e-05
2.33080527377e-09	-3.07351765514e-05
2.34467911468e-09	-1.87513451237e-05
2.3585529556e-09	-1.96083783521e-06
2.37242679651e-09	1.3780885638e-05
2.38630063743e-09	2.35460465774e-05
2.40017447834e-09	2.54094738921e-05
2.41404831926e-09	2.09113641176e-05
2.42792216017e-09	1.38628965942e-05
2.44179600109e-09	8.19138222141e-06
2.455669842e-09	5.96267273067e-06
2.46954368292e-09	6.59477154841e-06
2.48341752383e-09	7.5223906606e-06
2.49729136475e-09	5.91964271734e-06
2.51116520566e-09	4.5702472562e-07
2.52503904658e-09	-7.84233998274e-06
2.5389128875e-09	-1.60899435286e-05
2.55278672841e-09	-2.10743291973e-05
2.56666056933e-09	-2.09553527384e-05
2.58053441024e-09	-1.62182241183e-05
2.59440825116e-09	-9.30358146434e-06
2.60828209207e-09	-3.26127337757e-06
2.62215593299e-09	-8.70968506206e-08
2.6360297739e-09	2.53130565397e-07
2.64990361482e-09	-3.57271346729e-07
2.66377745573e-09	6.01739884587e-07
2.67765129665e-09	4.71390012535e-06
2.69152513756e-09	1.15819930215e-05
2.70539897848e-09	1.88248086488e-05
2.71927281939e-09	2.31517842622e-05
2.73314666031e-09	2.19151406782e-05
2.74702050122e-09	1.4427183487e-05
2.76089434214e-09	2.3770480766e-06
2.77476818305e-09	-1.07973864942e-05
2.78864202397e-09	-2.12918603211e-05
2.80251586489e-09	-2.64127920673e-05
2.8163897058e-09	-2.54757196672e-05
2.83026354672e-09	-1.98026918952e-05
2.84413738763e-09	-1.18726602523e-05
2.85801122855e-09	-4.11947257817e-06
2.87188506946e-09	2.02075534617e-06
2.88575891038e-09	6.39236532152e-06
2.89963275129e-09	9.67010055319e-06
2.91350659221e-09	1.2537202565e-05
2.92738043312e-09	1.49943371071e-05
2.94125427404e-09	1.62099640875e-05
2.95512811495e-09	1.49889165186e-05
2.96900195587e-09	1.05485814856e-05
2.98287579678e-09	3.17301237374e-06
2.9967496377e-09	-5.66263406654e-06
3.01062347861e-09	-1.37720271596e-05
3.02449731953e-09	-1.91005183297e-05
3.03837116045e-09	-2.05210380955e-05
3.05224500136e-09	-1.82026324183e-05
3.06611884228e-09	-1.34025503939e-05
3.07999268319e-09	-7.80478694651e-06
3.09386652411e-09	-2.7720197977e-06
3.10774036502e-09	1.15369039122e-06
3.12161420594e-09	4.25999314757e-06
3.13548804685e-09	7.23481934983e-06
3.14936188777e-09	1.0532894521e-05
3.16323572868e-09	1.39059920912e-05
3.1771095696e-09	1.63561817317e-05
3.19098341051e-09	1.65453784575e-05
3.20485725143e-09	1.34810725285e-05
3.21873109234e-09	7.10519452696e-06
3.23260493326e-09	-1.52475331561e-06
3.24647877417e-09	-1.05567742139e-05
3.26035261509e-09	-1.80225670192e-05
3.274226456e-09	-2.25346266234e-05
3.28810029692e-09	-2.36583928199e-05
3.30197413784e-09	-2.18367622438e-05
3.31584797875e-09	-1.79363414645e-05
3.32972181967e-09	-1.27370840346e-05
3.34359566058e-09	-6.62699130771e-06
3.3574695015e-09	3.31929186359e-07
3.37134334241e-09	8.04276533017e-06
3.38521718333e-09	1.59600440384e-05
3.39909102424e-09	2.28977405641e-05
3.41296486516e-09	2.72282413789e-05
3.42683870607e-09	2.74017438642e-05
3.44071254699e-09	2.25994444918e-05
3.4545863879e-09	1.31930137286e-05
3.46846022882e-09	8.01981514087e-07
3.48233406973e-09	-1.21221746667e-05
3.49620791065e-09	-2.30234709306e-05
3.51008175156e-09	-2.99814601021e-05
3.52395559248e-09	-3.21845109283e-05
3.53782943339e-09	-2.99468374578e-05
3.55170327431e-09	-2.43555150519e-05
3.56557711523e-09	-1.67149919434e-05
3.57945095614e-09	-8.11559038993e-06
3.59332479706e-09	7.24543497199e-07
3.60719863797e-09	9.3246162578e-06
3.62107247889e-09	1.71542178578e-05
3.6349463198e-09	2.3443983082e-05
3.64882016072e-09	2.72080524155e-05
3.66269400163e-09	2.75196725852e-05
3.67656784255e-09	2.38779575739e-05
3.69044168346e-09	1.64976991073e-05
3.70431552438e-09	6.36307595414e-06
3.71818936529e-09	-4.9801710702e-06
3.73206320621e-09	-1.58047732839e-05
3.74593704712e-09	-2.45986211667e-05
3.75981088804e-09	-3.03230262944e-05
3.77368472895e-09	-3.24910033669e-05
3.78755856987e-09	-3.10628893203e-05
3.80143241079e-09	-2.62956527877e-05
3.8153062517e-09	-1.86294782907e-05
3.82918009262e-09	-8.68813094712e-06
3.84305393353e-09	2.63547099166e-06
3.85692777445e-09	1.41057180372e-05
3.87080161536e-09	2.41816487687e-05
3.88467545628e-09	3.12394986395e-05
3.89854929719e-09	3.39314865414e-05
3.91242313811e-09	3.15533143294e-05
3.92629697902e-09	2.42905516643e-05
3.94017081994e-09	1.321029049e-05
3.95404466085e-09	2.09256540984e-08
3.96791850177e-09	-1.33143857965e-05
3.98179234268e-09	-2.49677686952e-05
3.9956661836e-09	-3.35140575771e-05
4.00954002451e-09	-3.8036974729e-05
4.02341386543e-09	-3.81090576411e-05
4.03728770634e-09	-3.3730550058e-05
4.05116154726e-09	-2.52920053754e-05
4.06503538818e-09	-1.36050239234e-05
4.07890922909e-09	7.76058186602e-08
4.09278307001e-09	1.40844076668e-05
4.10665691092e-09	2.64760710706e-05
4.12053075184e-09	3.53401665052e-05
4.13440459275e-09	3.91596950067e-05
4.14827843367e-09	3.71699461539e-05
4.16215227458e-09	2.95703721349e-05
4.1760261155e-09	1.75110071723e-05
4.18989995641e-09	2.8575414035e-06
4.20377379733e-09	-1.22108085634e-05
4.21764763824e-09	-2.56225430348e-05
4.23152147916e-09	-3.57346070814e-05
4.24539532007e-09	-4.1492850869e-05
4.25926916099e-09	-4.24325407948e-05
4.2731430019e-09	-3.85869425372e-05
4.28701684282e-09	-3.03961060126e-05
4.30089068374e-09	-1.86689139809e-05
4.31476452465e-09	-4.58073736809e-06
4.32863836557e-09	1.03423662949e-05
4.34251220648e-09	2.42986479861e-05
4.3563860474e-09	3.54125113518e-05
4.37025988831e-09	4.20136711909e-05
4.38413372923e-09	4.29496867582e-05
4.39800757014e-09	3.78370059479e-05
4.41188141106e-09	2.71799799521e-05
4.42575525197e-09	1.23187055578e-05
4.43962909289e-09	-4.77122739539e-06
4.4535029338e-09	-2.17956112465e-05
4.46737677472e-09	-3.64774896298e-05
4.48125061563e-09	-4.68647340313e-05
4.49512445655e-09	-5.15664833074e-05
4.50899829746e-09	-4.99018060509e-05
4.52287213838e-09	-4.19700227212e-05
4.53674597929e-09	-2.86654558295e-05
4.55061982021e-09	-1.15891853056e-05
4.56449366113e-09	7.09577716407e-06
4.57836750204e-09	2.4930210202e-05
4.59224134296e-09	3.94866219722e-05
4.60611518387e-09	4.87342877022e-05
4.61998902479e-09	5.1352843002e-05
4.6338628657e-09	4.69290171168e-05
4.64773670662e-09	3.60166632163e-05
4.66161054753e-09	2.00219110411e-05
4.67548438845e-09	9.90658008959e-07
4.68935822936e-09	-1.8671311409e-05
4.70323207028e-09	-3.64895531675e-05
4.71710591119e-09	-5.01996837556e-05
4.73097975211e-09	-5.79951010877e-05
4.74485359302e-09	-5.87433714827e-05
4.75872743394e-09	-5.21537731402e-05
4.77260127485e-09	-3.8866441173e-05
4.78647511577e-09	-2.04450825549e-05
4.80034895668e-09	7.84440999269e-07
4.8142227976e-09	2.20099791477e-05
4.82809663852e-09	4.03321319027e-05
4.84197047943e-09	5.32096019015e-05
4.85584432035e-09	5.88435832469e-05
4.86971816126e-09	5.64551264688e-05
4.88359200218e-09	4.63740143459e-05
4.89746584309e-09	2.99445346172e-05
4.91133968401e-09	9.30072746996e-06
4.92521352492e-09	-1.2956230421e-05
4.93908736584e-09	-3.40724982379e-05
4.95296120675e-09	-5.14535749971e-05
4.96683504767e-09	-6.29221758572e-05
4.98070888858e-09	-6.69475557515e-05
4.9945827295e-09	-6.28289199085e-05
5.00845657041e-09	-5.08282137162e-05
5.02233041133e-09	-3.22134656017e-05
5.03620425224e-09	-9.17976285564e-06
5.05007809316e-09	1.53799555846e-05
5.06395193408e-09	3.82211546821e-05
5.07782577499e-09	5.62065397389e-05
5.09169961591e-09	6.67624553898e-05
5.10557345682e-09	6.82865211274e-05
5.11944729774e-09	6.04013257544e-05
5.13332113865e-09	4.40290386905e-05
5.14719497957e-09	2.12601553358e-05
5.16106882048e-09	-4.93295192427e-06
5.1749426614e-09	-3.11149015033e-05
5.18881650231e-09	-5.38478525414e-05
5.20269034323e-09	-7.01228709659e-05
5.21656418414e-09	-7.77639870648e-05
5.23043802506e-09	-7.56762965466e-05
5.24431186597e-09	-6.40181679046e-05
5.25818570689e-09	-4.41727315774e-05
5.2720595478e-09	-1.86037650565e-05
5.28593338872e-09	9.45319334278e-06
5.29980722963e-09	3.63882099919e-05
5.31368107055e-09	5.86921014474e-05
5.32755491147e-09	7.34010100132e-05
5.34142875238e-09	7.84889707575e-05
5.3553025933e-09	7.31426262064e-05
5.36917643421e-09	5.7875757193e-05
5.38305027513e-09	3.44863947248e-05
5.39692411604e-09	5.85836460232e-06
5.41079795696e-09	-2.43851700361e-05
5.42467179787e-09	-5.232958938e-05
5.43854563879e-09	-7.42640768294e-05
5.4524194797e-09	-8.7178152171e-05
5.46629332062e-09	-8.91870949999e-05
5.48016716153e-09	-7.9814948549e-05
5.49404100245e-09	-6.00984603807e-05
5.50791484336e-09	-3.24809661834e-05
5.52178868428e-09	-5.08189259563e-07
5.53566252519e-09	3.16595978802e-05
5.54953636611e-09	5.97875878157e-05
5.56341020703e-09	8.01588757895e-05
5.57728404794e-09	9.0044020908e-05
5.59115788886e-09	8.80605657585e-05
5.60503172977e-09	7.43378259358e-05
5.61890557069e-09	5.04830459249e-05
5.6327794116e-09	1.94047424884e-05
5.64665325252e-09	-1.50463856698e-05
5.66052709343e-09	-4.85193122586e-05
5.67440093435e-09	-7.66856392147e-05
5.68827477526e-09	-9.57775555435e-05
5.70214861618e-09	-0.000103089674667
5.71602245709e-09	-9.73733112914e-05
5.72989629801e-09	-7.9061705037e-05
5.74377013892e-09	-5.02805633005e-05
5.75764397984e-09	-1.46228121594e-05
5.77151782075e-09	2.33013452089e-05
5.78539166167e-09	5.84745721426e-05
5.79926550258e-09	8.61591252033e-05
5.8131393435e-09	0.000102561782114
5.82701318442e-09	0.000105354862171
5.84088702533e-09	9.40085592447e-05
5.85476086625e-09	6.98629155522e-05
5.86863470716e-09	3.59383921023e-05
5.88250854808e-09	-3.44807085639e-06
5.89638238899e-09	-4.3238978833e-05
5.91025622991e-09	-7.82891511335e-05
5.92413007082e-09	-0.000104008999187
5.93800391174e-09	-0.000116953386168
5.95187775265e-09	-0.00011525235459
5.96575159357e-09	-9.89017353277e-05
5.97962543448e-09	-6.9758585596e-05
5.9934992754e-09	-3.13741038553e-05
6.00737311631e-09	1.14471986308e-05
6.02124695723e-09	5.32171688974e-05
6.03512079814e-09	8.84734181454e-05
6.04899463906e-09	0.000112483627163
6.06286847997e-09	0.000121880359075
6.07674232089e-09	0.000115150171041
6.09061616181e-09	9.28612789721e-05
6.10449000272e-09	5.76600905333e-05
6.11836384364e-09	1.39370604302e-05
6.13223768455e-09	-3.2690622902e-05
6.14611152547e-09	-7.6131989772e-05
6.15998536638e-09	-0.000110622910142
6.1738592073e-09	-0.000131484324811
6.18773304821e-09	-0.000135776848765
6.20160688913e-09	-0.000122702898807
6.21548073004e-09	-9.37387958402e-05
6.22935457096e-09	-5.24483475601e-05
6.24322841187e-09	-4.04346792493e-06
6.25710225279e-09	4.52819222119e-05
6.2709760937e-09	8.91401068657e-05
6.28484993462e-09	0.000121764984215
6.29872377553e-09	0.000138762668939
6.31259761645e-09	0.00013765267795
6.32647145737e-09	0.000118268406368
6.34034529828e-09	8.27852709335e-05
6.3542191392e-09	3.55091760866e-05
6.36809298011e-09	-1.76204448508e-05
6.38196682103e-09	-6.97740470059e-05
6.39584066194e-09	-0.000114082198706
