% time-domain voltage integration by openEMS v0.0.36-145-g8ee535b @Thu Apr  2 14:33:36 2026
% start-coordinates: (-0.009,-0.000152542,0) m -> [1,30,1]
% stop-coordinates: (-0.009,-0.000152542,0.000508) m -> [1,30,2]
% t/s	voltage
0	-0
1.38738409153e-11	-7.94086304268e-07
2.77476818305e-11	-1.53078872245e-06
4.16215227458e-11	-1.64101311384e-06
5.54953636611e-11	1.05783527715e-07
6.93692045764e-11	5.59748878004e-06
8.32430454916e-11	1.64145621966e-05
9.71168864069e-11	3.28854694089e-05
1.10990727322e-10	5.12545848323e-05
1.24864568237e-10	6.15989192738e-05
1.38738409153e-10	4.70106424473e-05
1.52612250068e-10	-1.36964899866e-05
1.66486090983e-10	-0.000137347306008
1.80359931899e-10	-0.000322329375194
1.94233772814e-10	-0.000532636709977
2.08107613729e-10	-0.000687751802616
2.21981454644e-10	-0.000669248693157
2.3585529556e-10	-0.00035163841676
2.49729136475e-10	0.000342280371115
2.6360297739e-10	0.00137697125319
2.77476818305e-10	0.00255644065328
2.91350659221e-10	0.00352681078948
3.05224500136e-10	0.00385069428012
3.19098341051e-10	0.00314803957008
3.32972181967e-10	0.00126478809398
3.46846022882e-10	-0.00159666559193
3.60719863797e-10	-0.00485394708812
3.74593704712e-10	-0.00766339432448
3.88467545628e-10	-0.00916377454996
4.02341386543e-10	-0.00876777153462
4.16215227458e-10	-0.00639060977846
4.30089068374e-10	-0.00252089253627
4.43962909289e-10	0.00190715794452
4.57836750204e-10	0.00580054195598
4.71710591119e-10	0.00824832636863
4.85584432035e-10	0.00879104807973
4.9945827295e-10	0.0075245522894
5.13332113865e-10	0.00501207495108
5.2720595478e-10	0.00205621635541
5.41079795696e-10	-0.000573028752115
5.54953636611e-10	-0.00235297298059
5.68827477526e-10	-0.00310224946588
5.82701318442e-10	-0.00294789741747
5.96575159357e-10	-0.00220570666716
6.10449000272e-10	-0.00123670022003
6.24322841187e-10	-0.000334373209625
6.38196682103e-10	0.000330008391757
6.52070523018e-10	0.00070614303695
6.65944363933e-10	0.000829432799947
6.79818204848e-10	0.000776673550718
6.93692045764e-10	0.000630845082924
7.07565886679e-10	0.000460861076135
7.21439727594e-10	0.00031336286338
7.3531356851e-10	0.000212031663978
7.49187409425e-10	0.000160169511219
7.6306125034e-10	0.000145710146171
7.76935091255e-10	0.00014885852579
7.90808932171e-10	0.000150752151967
8.04682773086e-10	0.000140891803312
8.18556614001e-10	0.000120213167975
8.32430454916e-10	9.84639918897e-05
8.46304295832e-10	8.75993282534e-05
8.60178136747e-10	9.45050996961e-05
8.74051977662e-10	0.000116545423225
8.87925818578e-10	0.000142664139275
9.01799659493e-10	0.000158934461069
9.15673500408e-10	0.000155591711518
9.29547341323e-10	0.000132073779241
9.43421182239e-10	9.75558141363e-05
9.57295023154e-10	6.67325293762e-05
9.71168864069e-10	5.32438934897e-05
9.85042704984e-10	6.35209798929e-05
9.989165459e-10	9.45411229623e-05
1.01279038682e-09	0.000136140806717
1.02666422773e-09	0.000176356479642
1.04053806865e-09	0.000207023651456
1.05441190956e-09	0.000226557152928
1.06828575048e-09	0.00023861216323
1.08215959139e-09	0.000247787509579
1.09603343231e-09	0.000255238264799
1.10990727322e-09	0.000256794504821
1.12378111414e-09	0.000244880327955
1.13765495505e-09	0.000213347069803
1.15152879597e-09	0.000162161377375
1.16540263688e-09	9.9359669548e-05
1.1792764778e-09	3.91160210711e-05
1.19315031871e-09	-3.49850461134e-06
1.20702415963e-09	-1.84992586583e-05
1.22089800054e-09	-4.68838561574e-06
1.23477184146e-09	3.01196796499e-05
1.24864568237e-09	7.29480598238e-05
1.26251952329e-09	0.000111182227556
1.27639336421e-09	0.000137246810482
1.29026720512e-09	0.000150762076373
1.30414104604e-09	0.000157049464178
1.31801488695e-09	0.000163201111718
1.33188872787e-09	0.000173944878043
1.34576256878e-09	0.000189093218069
1.3596364097e-09	0.000203860094189
1.37351025061e-09	0.000211706574191
1.38738409153e-09	0.00020779982151
1.40125793244e-09	0.000191492683371
1.41513177336e-09	0.000166373487446
1.42900561427e-09	0.0001382536866
1.44287945519e-09	0.000112215559056
1.4567532961e-09	9.05951674213e-05
1.47062713702e-09	7.28372906451e-05
1.48450097793e-09	5.70917691221e-05
1.49837481885e-09	4.2627514631e-05
1.51224865976e-09	3.12852862407e-05
1.52612250068e-09	2.72007400781e-05
1.5399963416e-09	3.4816803236e-05
1.55387018251e-09	5.62582936254e-05
1.56774402343e-09	8.93586038728e-05
1.58161786434e-09	0.000127686929773
1.59549170526e-09	0.000162407304742
1.60936554617e-09	0.000185383614735
1.62323938709e-09	0.000192109917407
1.637113228e-09	0.000183049196494
1.65098706892e-09	0.000163073724252
1.66486090983e-09	0.000139081777888
1.67873475075e-09	0.000117153169413
1.69260859166e-09	0.000100516837847
1.70648243258e-09	8.91040908755e-05
1.72035627349e-09	8.0836158304e-05
1.73423011441e-09	7.36390429665e-05
1.74810395532e-09	6.71080561006e-05
1.76197779624e-09	6.28085472272e-05
1.77585163716e-09	6.32251103525e-05
1.78972547807e-09	6.98856965755e-05
1.80359931899e-09	8.19849738036e-05
1.8174731599e-09	9.61617697612e-05
1.83134700082e-09	0.000107806561573
1.84522084173e-09	0.000113081892778
1.85909468265e-09	0.000110697648779
1.87296852356e-09	0.000102453464933
1.88684236448e-09	9.22978579183e-05
1.90071620539e-09	8.44015230541e-05
1.91459004631e-09	8.11768768472e-05
1.92846388722e-09	8.23036607471e-05
1.94233772814e-09	8.51633158163e-05
1.95621156905e-09	8.64380344865e-05
1.97008540997e-09	8.40509383124e-05
1.98395925088e-09	7.84338990343e-05
1.9978330918e-09	7.2440780059e-05
2.01170693271e-09	6.99838928995e-05
2.02558077363e-09	7.39733295632e-05
2.03945461455e-09	8.46358088893e-05
2.05332845546e-09	9.90750049823e-05
2.06720229638e-09	0.000112270507088
2.08107613729e-09	0.000119098411233
2.09494997821e-09	0.00011644152255
2.10882381912e-09	0.000104313956399
2.12269766004e-09	8.56578772073e-05
2.13657150095e-09	6.49660141789e-05
2.15044534187e-09	4.64554541395e-05
2.16431918278e-09	3.27639063471e-05
2.1781930237e-09	2.46412619163e-05
2.19206686461e-09	2.15908603423e-05
2.20594070553e-09	2.29534725804e-05
2.21981454644e-09	2.86644008156e-05
2.23368838736e-09	3.92958536395e-05
2.24756222827e-09	5.52958299522e-05
2.26143606919e-09	7.59779140935e-05
2.2753099101e-09	9.88381289062e-05
2.28918375102e-09	0.000119673095469
2.30305759194e-09	0.00013366038911
2.31693143285e-09	0.000136905015097
2.33080527377e-09	0.00012788233289
2.34467911468e-09	0.000108096013719
2.3585529556e-09	8.16224564915e-05
2.37242679651e-09	5.38013773621e-05
2.38630063743e-09	2.95302979794e-05
2.40017447834e-09	1.19583937703e-05
2.41404831926e-09	2.03896479434e-06
2.42792216017e-09	-9.9930059605e-07
2.44179600109e-09	1.35290008529e-06
2.455669842e-09	7.86878172221e-06
2.46954368292e-09	1.79950529855e-05
2.48341752383e-09	3.16295554512e-05
2.49729136475e-09	4.84497941216e-05
2.51116520566e-09	6.72455280437e-05
2.52503904658e-09	8.57551713125e-05
2.5389128875e-09	0.000101001896837
2.55278672841e-09	0.00011011071183
2.56666056933e-09	0.00011118187831
2.58053441024e-09	0.000103839563963
2.59440825116e-09	8.92917669262e-05
2.60828209207e-09	6.98755393387e-05
2.62215593299e-09	4.83822150272e-05
2.6360297739e-09	2.74191352219e-05
2.64990361482e-09	9.04456192075e-06
2.66377745573e-09	-5.2089512792e-06
2.67765129665e-09	-1.41632108352e-05
2.69152513756e-09	-1.68074675457e-05
2.70539897848e-09	-1.23679992612e-05
2.71927281939e-09	-6.48104617085e-07
2.73314666031e-09	1.75291443156e-05
2.74702050122e-09	4.00334320148e-05
2.76089434214e-09	6.35314718238e-05
2.77476818305e-09	8.40858119773e-05
2.78864202397e-09	9.80250624707e-05
2.80251586489e-09	0.00010281442519
2.8163897058e-09	9.76358278422e-05
2.83026354672e-09	8.34461316117e-05
2.84413738763e-09	6.26281180303e-05
2.85801122855e-09	3.83693040931e-05
2.87188506946e-09	1.40182173709e-05
2.88575891038e-09	-7.38300741432e-06
2.89963275129e-09	-2.33821247093e-05
2.91350659221e-09	-3.22311170748e-05
2.92738043312e-09	-3.29501999659e-05
2.94125427404e-09	-2.54237729678e-05
2.95512811495e-09	-1.0500712051e-05
2.96900195587e-09	9.95500249701e-06
2.98287579678e-09	3.31628325512e-05
2.9967496377e-09	5.57505845791e-05
3.01062347861e-09	7.43017517379e-05
3.02449731953e-09	8.59836363816e-05
3.03837116045e-09	8.90737792361e-05
3.05224500136e-09	8.32467121654e-05
3.06611884228e-09	6.95018970873e-05
3.07999268319e-09	4.98319750477e-05
3.09386652411e-09	2.67530140263e-05
3.10774036502e-09	2.92185131912e-06
3.12161420594e-09	-1.91320050362e-05
3.13548804685e-09	-3.71000132873e-05
3.14936188777e-09	-4.89709927933e-05
3.16323572868e-09	-5.31564219273e-05
3.1771095696e-09	-4.87345678266e-05
3.19098341051e-09	-3.57500321115e-05
3.20485725143e-09	-1.54305071192e-05
3.21873109234e-09	9.79954438662e-06
3.23260493326e-09	3.65606247215e-05
3.24647877417e-09	6.10308052273e-05
3.26035261509e-09	7.95717351139e-05
3.274226456e-09	8.9337110694e-05
3.28810029692e-09	8.87255228008e-05
3.30197413784e-09	7.7570330177e-05
3.31584797875e-09	5.71105520066e-05
3.32972181967e-09	2.97577571473e-05
3.34359566058e-09	-1.23208394598e-06
3.3574695015e-09	-3.2115043723e-05
3.37134334241e-09	-5.90433337493e-05
3.38521718333e-09	-7.84716030466e-05
3.39909102424e-09	-8.76105696079e-05
3.41296486516e-09	-8.48808631417e-05
3.42683870607e-09	-7.02892284608e-05
3.44071254699e-09	-4.55861008959e-05
3.4545863879e-09	-1.41142509165e-05
3.46846022882e-09	1.96809705812e-05
3.48233406973e-09	5.09596102347e-05
3.49620791065e-09	7.5294447015e-05
3.51008175156e-09	8.93374744919e-05
3.52395559248e-09	9.12505274755e-05
3.53782943339e-09	8.08491313364e-05
3.55170327431e-09	5.94868397457e-05
3.56557711523e-09	2.97826245514e-05
3.57945095614e-09	-4.72908732263e-06
3.59332479706e-09	-3.99838281737e-05
3.60719863797e-09	-7.17707662261e-05
3.62107247889e-09	-9.61741170613e-05
3.6349463198e-09	-0.000110013694211
3.64882016072e-09	-0.000111304318125
3.66269400163e-09	-9.96165545075e-05
3.67656784255e-09	-7.62747658882e-05
3.69044168346e-09	-4.42615128122e-05
3.70431552438e-09	-7.85110660217e-06
3.71818936529e-09	2.80129625025e-05
3.73206320621e-09	5.84656954743e-05
3.74593704712e-09	7.94095030869e-05
3.75981088804e-09	8.80639563547e-05
3.77368472895e-09	8.32469449961e-05
3.78755856987e-09	6.54360774206e-05
3.80143241079e-09	3.66407984984e-05
3.8153062517e-09	1.60334280963e-07
3.82918009262e-09	-3.97505355068e-05
3.84305393353e-09	-7.82983042882e-05
3.85692777445e-09	-0.000110641871288
3.87080161536e-09	-0.00013248671894
3.88467545628e-09	-0.000140685981023
3.89854929719e-09	-0.000133766676299
3.91242313811e-09	-0.000112286506919
3.92629697902e-09	-7.88618417573e-05
3.94017081994e-09	-3.78911790904e-05
3.95404466085e-09	5.05460184286e-06
3.96791850177e-09	4.40407384303e-05
3.98179234268e-09	7.36325382604e-05
3.9956661836e-09	8.96728670341e-05
4.00954002451e-09	8.98361104191e-05
4.02341386543e-09	7.39009628887e-05
4.03728770634e-09	4.37369089923e-05
4.05116154726e-09	3.03348633679e-06
4.06503538818e-09	-4.31615699199e-05
4.07890922909e-09	-8.90478549991e-05
4.09278307001e-09	-0.000128765954287
4.10665691092e-09	-0.000157137823408
4.12053075184e-09	-0.000170341314515
4.13440459275e-09	-0.000166471407283
4.14827843367e-09	-0.000145855345181
4.16215227458e-09	-0.000111068424303
4.1760261155e-09	-6.66230698698e-05
4.18989995641e-09	-1.83693246072e-05
4.20377379733e-09	2.72878769465e-05
4.21764763824e-09	6.42507293378e-05
4.23152147916e-09	8.75261976034e-05
4.24539532007e-09	9.38604425755e-05
4.25926916099e-09	8.21493813419e-05
4.2731430019e-09	5.35620274604e-05
4.28701684282e-09	1.14168151413e-05
4.30089068374e-09	-3.92046713387e-05
4.31476452465e-09	-9.20471720747e-05
4.32863836557e-09	-0.000140426753205
4.34251220648e-09	-0.000178070782567
4.3563860474e-09	-0.000199936475838
4.37025988831e-09	-0.000202919487492
4.38413372923e-09	-0.000186344506801
4.39800757014e-09	-0.000152113920194
4.41188141106e-09	-0.000104523809568
4.42575525197e-09	-4.9718459195e-05
4.43962909289e-09	5.11489042765e-06
4.4535029338e-09	5.26919102413e-05
4.46737677472e-09	8.65873371367e-05
4.48125061563e-09	0.000102075027826
4.49512445655e-09	9.67418964137e-05
4.50899829746e-09	7.0828369644e-05
4.52287213838e-09	2.72305132967e-05
4.53674597929e-09	-2.8811444281e-05
4.55061982021e-09	-9.03319087229e-05
4.56449366113e-09	-0.00014948824537
4.57836750204e-09	-0.000198579684366
4.59224134296e-09	-0.000231047088164
4.60611518387e-09	-0.000242397232796
4.61998902479e-09	-0.00023084411805
4.6338628657e-09	-0.000197622313863
4.64773670662e-09	-0.000146874313941
4.66161054753e-09	-8.51347795106e-05
4.67548438845e-09	-2.04903390113e-05
4.68935822936e-09	3.84945087717e-05
4.70323207028e-09	8.39112399262e-05
4.71710591119e-09	0.000109541644633
4.73097975211e-09	0.000111691806524
4.74485359302e-09	8.96699857549e-05
4.75872743394e-09	4.59117363789e-05
4.77260127485e-09	-1.43047282108e-05
4.78647511577e-09	-8.34914899315e-05
4.80034895668e-09	-0.000152897235239
4.8142227976e-09	-0.000213602936128
4.82809663852e-09	-0.000257678620983
4.84197047943e-09	-0.000279231491731
4.85584432035e-09	-0.00027520529693
4.86971816126e-09	-0.00024581560865
4.88359200218e-09	-0.000194585911231
4.89746584309e-09	-0.00012793346832
4.91133968401e-09	-5.43841379113e-05
4.92521352492e-09	1.64904140547e-05
4.93908736584e-09	7.53116401029e-05
4.95296120675e-09	0.00011409540457
4.96683504767e-09	0.000127328981762
4.98070888858e-09	0.000112735266157
4.9945827295e-09	7.16251161066e-05
5.00845657041e-09	8.80738025444e-06
5.02233041133e-09	-6.79714939906e-05
5.03620425224e-09	-0.000148990147864
5.05007809316e-09	-0.000223801092943
5.06395193408e-09	-0.000282587338006
5.07782577499e-09	-0.000317484518746
5.09169961591e-09	-0.00032364341314
5.10557345682e-09	-0.000299915991491
5.11944729774e-09	-0.000249049538979
5.13332113865e-09	-0.000177382797119
5.14719497957e-09	-9.4058625109e-05
5.16106882048e-09	-9.8693626569e-06
5.1749426614e-09	6.41082369839e-05
5.18881650231e-09	0.00011795527098
5.20269034323e-09	0.000144198842463
5.21656418414e-09	0.000138844145113
5.23043802506e-09	0.00010194513743
5.24431186597e-09	3.76820171368e-05
5.25818570689e-09	-4.6099179599e-05
5.2720595478e-09	-0.000138846648042
5.28593338872e-09	-0.000228651115322
5.29980722963e-09	-0.000303775072098
5.31368107055e-09	-0.000354235031409
5.32755491147e-09	-0.000373126764316
5.34142875238e-09	-0.000357601616997
5.3553025933e-09	-0.000309281342197
5.36917643421e-09	-0.000234113787883
5.38305027513e-09	-0.000141628886922
5.39692411604e-09	-4.37472408521e-05
5.41079795696e-09	4.67457066406e-05
5.42467179787e-09	0.000117848459922
5.43854563879e-09	0.000159901057486
5.4524194797e-09	0.000166866011568
5.46629332062e-09	0.000137167007779
5.48016716153e-09	7.39742026781e-05
5.49404100245e-09	-1.5134507521e-05
5.50791484336e-09	-0.000119081400044
5.52178868428e-09	-0.000224648203584
5.53566252519e-09	-0.000318180391332
5.54953636611e-09	-0.000387360050809
5.56341020703e-09	-0.000422833545599
5.57728404794e-09	-0.000419496092945
5.59115788886e-09	-0.000377232441679
5.60503172977e-09	-0.000301027204841
5.61890557069e-09	-0.000200378693989
5.6327794116e-09	-8.81616651895e-05
5.64665325252e-09	2.10356174648e-05
5.66052709343e-09	0.000112771354907
5.67440093435e-09	0.000174651693669
5.68827477526e-09	0.000197986038984
5.70214861618e-09	0.000178987174877
5.71602245709e-09	0.000119349053421
5.72989629801e-09	2.61102195509e-05
5.74377013892e-09	-8.91736635822e-05
5.75764397984e-09	-0.000211870778003
5.77151782075e-09	-0.000326155161019
5.78539166167e-09	-0.000417055882281
5.79926550258e-09	-0.000472430110676
5.8131393435e-09	-0.000484578165924
5.82701318442e-09	-0.000451343308669
5.84088702533e-09	-0.0003764431749
5.85476086625e-09	-0.000269095035037
5.86863470716e-09	-0.000142899967614
5.88250854808e-09	-1.41309492392e-05
5.89638238899e-09	0.000100326731626
5.91025622991e-09	0.000185183729627
5.92413007082e-09	0.000228754608543
5.93800391174e-09	0.000224563947995
5.95187775265e-09	0.000172260057298
5.96575159357e-09	7.77999593993e-05
5.97962543448e-09	-4.72533793072e-05
5.9934992754e-09	-0.000187133889995
6.00737311631e-09	-0.000323886371916
6.02124695723e-09	-0.000439668685431
6.03512079814e-09	-0.00051911972696
6.04899463906e-09	-0.000551384699065
6.06286847997e-09	-0.000531610974576
6.07674232089e-09	-0.000461668736534
6.09061616181e-09	-0.000350009853719
6.10449000272e-09	-0.000210659272852
6.11836384364e-09	-6.14617529209e-05
6.13223768455e-09	7.81647468102e-05
6.14611152547e-09	0.000189738944755
6.15998536638e-09	0.000258141139057
6.1738592073e-09	0.000273627694696
6.18773304821e-09	0.000233198123169
6.20160688913e-09	0.000141091484693
6.21548073004e-09	8.38464711705e-06
6.22935457096e-09	-0.000148360079038
6.24322841187e-09	-0.000309151073452
6.25710225279e-09	-0.000453128159279
6.2709760937e-09	-0.000561282096896
6.28484993462e-09	-0.000618965888862
6.29872377553e-09	-0.000617911224253
6.31259761645e-09	-0.000557397201192
6.32647145737e-09	-0.00044449386769
6.34034529828e-09	-0.000293221732136
6.3542191392e-09	-0.000122870071209
6.36809298011e-09	4.44878314738e-05
6.38196682103e-09	0.000186811506865
6.39584066194e-09	0.000284993206151
