% time-domain current integration by openEMS v0.0.36-145-g8ee535b @Thu Apr  2 14:33:36 2026
% start-coordinates: (-0.000762712,0.00869492,0) m -> [28,59,1]
% stop-coordinates: (0.000457627,0.009,0) m -> [32,60,1]
% t/s	current
1.06721853194e-13	0
1.39805627685e-11	0
2.78544036837e-11	-2.93106724578e-32
4.1728244599e-11	-3.04254168479e-17
5.56020855143e-11	-9.82510513919e-14
6.94759264296e-11	2.22178775378e-10
8.33497673448e-11	-6.81282696924e-10
9.72236082601e-11	-3.14147735603e-10
1.11097449175e-10	-6.1628385728e-10
1.24971290091e-10	-1.22971033356e-09
1.38845131006e-10	-1.99090965936e-09
1.52718971921e-10	-2.47707987455e-09
1.66592812836e-10	-1.86942195057e-09
1.80466653752e-10	9.78272574059e-10
1.94340494667e-10	6.78020661837e-09
2.08214335582e-10	1.46362140185e-08
2.22088176498e-10	2.31401813267e-08
2.35962017413e-10	2.57688981264e-08
2.49835858328e-10	1.74461121105e-08
2.63709699243e-10	-7.59037988018e-09
2.77583540159e-10	-4.80608939313e-08
2.91457381074e-10	-9.48869853801e-08
3.05331221989e-10	-1.28131318888e-07
3.19205062905e-10	-1.23003360386e-07
3.3307890382e-10	-6.1015157371e-08
3.46952744735e-10	5.57224097975e-08
3.6082658565e-10	1.98241735916e-07
3.74700426566e-10	3.11499093186e-07
3.88574267481e-10	3.32408944814e-07
4.02448108396e-10	2.20384436034e-07
4.16321949311e-10	-1.37233655551e-08
4.30195790227e-10	-2.97561882689e-07
4.44069631142e-10	-5.15468514095e-07
4.57943472057e-10	-5.54599182578e-07
4.71817312973e-10	-3.60482317774e-07
4.85691153888e-10	2.45627234108e-08
4.99564994803e-10	4.62527168565e-07
5.13438835718e-10	7.73698957346e-07
5.27312676634e-10	8.13601218397e-07
5.41186517549e-10	5.45637703908e-07
5.55060358464e-10	6.49902176519e-08
5.68934199379e-10	-4.38416350335e-07
5.82808040295e-10	-7.65852291806e-07
5.9668188121e-10	-8.01109308668e-07
6.10555722125e-10	-5.63205503568e-07
6.24429563041e-10	-1.91582330444e-07
6.38303403956e-10	1.27127350424e-07
6.52177244871e-10	2.54929545918e-07
6.66051085786e-10	1.67093276104e-07
6.79924926702e-10	-3.83720362152e-08
6.93798767617e-10	-2.01687726076e-07
7.07672608532e-10	-1.86755642062e-07
7.21546449447e-10	4.22569428338e-08
7.35420290363e-10	3.98950760427e-07
7.49294131278e-10	7.14847374184e-07
7.63167972193e-10	8.22356014396e-07
7.77041813109e-10	6.3723950916e-07
7.90915654024e-10	2.05504477435e-07
8.04789494939e-10	-3.15055103783e-07
8.18663335854e-10	-7.22795448382e-07
8.3253717677e-10	-8.65151832841e-07
8.46411017685e-10	-7.05370439391e-07
8.602848586e-10	-3.36573066306e-07
8.74158699515e-10	6.58856151858e-08
8.88032540431e-10	3.29162048729e-07
9.01906381346e-10	3.61954789696e-07
9.15780222261e-10	1.92203117422e-07
9.29654063177e-10	-5.68927589484e-08
9.43527904092e-10	-2.35020252148e-07
9.57401745007e-10	-2.44021975959e-07
9.71275585922e-10	-8.11369318399e-08
9.85149426838e-10	1.63277491083e-07
9.99023267753e-10	3.6106484913e-07
1.01289710867e-09	4.13842371927e-07
1.02677094958e-09	3.02079342873e-07
1.0406447905e-09	8.97175596037e-08
1.05451863141e-09	-1.14203032808e-07
1.06839247233e-09	-2.15823149574e-07
1.08226631324e-09	-1.83319798452e-07
1.09614015416e-09	-5.94441189605e-08
1.11001399508e-09	6.62739694235e-08
1.12388783599e-09	1.08207132143e-07
1.13776167691e-09	3.27745510731e-08
1.15163551782e-09	-1.24600774143e-07
1.16550935874e-09	-2.78354036709e-07
1.17938319965e-09	-3.40402380061e-07
1.19325704057e-09	-2.674862003e-07
1.20713088148e-09	-8.50398009788e-08
1.2210047224e-09	1.25908854898e-07
1.23487856331e-09	2.71447333944e-07
1.24875240423e-09	2.92941649604e-07
1.26262624514e-09	1.96182099899e-07
1.27650008606e-09	4.39690666099e-08
1.29037392697e-09	-7.93098706708e-08
1.30424776789e-09	-1.13528898282e-07
1.3181216088e-09	-5.32794501851e-08
1.33199544972e-09	5.38154836249e-08
1.34586929063e-09	1.36602920975e-07
1.35974313155e-09	1.4137594917e-07
1.37361697247e-09	6.01094143349e-08
1.38749081338e-09	-6.6355596573e-08
1.4013646543e-09	-1.72343206373e-07
1.41523849521e-09	-2.0306197257e-07
1.42911233613e-09	-1.43548334108e-07
1.44298617704e-09	-2.53931489169e-08
1.45686001796e-09	9.00282373095e-08
1.47073385887e-09	1.43929398178e-07
1.48460769979e-09	1.11643984724e-07
1.4984815407e-09	1.27720625187e-08
1.51235538162e-09	-9.78526770723e-08
1.52622922253e-09	-1.60271497407e-07
1.54010306345e-09	-1.39670532917e-07
1.55397690436e-09	-4.41740333201e-08
1.56785074528e-09	7.95356385197e-08
1.58172458619e-09	1.70938591282e-07
1.59559842711e-09	1.86621463172e-07
1.60947226803e-09	1.20976153539e-07
1.62334610894e-09	7.9767765726e-09
1.63721994986e-09	-9.79615890628e-08
1.65109379077e-09	-1.4985326402e-07
1.66496763169e-09	-1.29491525058e-07
1.6788414726e-09	-5.47108243154e-08
1.69271531352e-09	3.36432890435e-08
1.70658915443e-09	9.26728489503e-08
1.72046299535e-09	9.86927375379e-08
1.73433683626e-09	5.69096982872e-08
1.74821067718e-09	-5.18264187122e-09
1.76208451809e-09	-5.30664863163e-08
1.77595835901e-09	-6.39685993065e-08
1.78983219992e-09	-3.72497765966e-08
1.80370604084e-09	6.22344487056e-09
1.81757988175e-09	3.7487325244e-08
1.83145372267e-09	3.48907178704e-08
1.84532756358e-09	-3.04873992718e-09
1.8592014045e-09	-5.64539277548e-08
1.87307524542e-09	-9.48793541511e-08
1.88694908633e-09	-9.3001631285e-08
1.90082292725e-09	-4.55256667919e-08
1.91469676816e-09	2.98417717204e-08
1.92857060908e-09	1.00260081126e-07
1.94244444999e-09	1.34405695462e-07
1.95631829091e-09	1.17386207421e-07
1.97019213182e-09	5.814109727e-08
1.98406597274e-09	-1.53372923251e-08
1.99793981365e-09	-7.04859530742e-08
2.01181365457e-09	-8.5770750502e-08
2.02568749548e-09	-5.97476628172e-08
2.0395613364e-09	-1.05560502561e-08
2.05343517731e-09	3.41929080605e-08
2.06730901823e-09	5.19167997481e-08
2.08118285914e-09	3.51154767486e-08
2.09505670006e-09	-5.43911937712e-09
2.10893054097e-09	-4.77163659696e-08
2.12280438189e-09	-6.96797428645e-08
2.13667822281e-09	-6.10602342022e-08
2.15055206372e-09	-2.75582578979e-08
2.16442590464e-09	1.26685790747e-08
2.17829974555e-09	3.91643766307e-08
2.19217358647e-09	4.02143314204e-08
2.20604742738e-09	1.89296542885e-08
2.2199212683e-09	-8.86336692929e-09
2.23379510921e-09	-2.4286862299e-08
2.24766895013e-09	-1.54819588261e-08
2.26154279104e-09	1.49865542198e-08
2.27541663196e-09	5.19427771906e-08
2.28929047287e-09	7.51677191602e-08
2.30316431379e-09	7.05199454387e-08
2.3170381547e-09	3.72639874513e-08
2.33091199562e-09	-1.16866658573e-08
2.34478583653e-09	-5.62488935429e-08
2.35865967745e-09	-7.92726950749e-08
2.37253351837e-09	-7.3948683621e-08
2.38640735928e-09	-4.65628389179e-08
2.4002812002e-09	-1.23926326978e-08
2.41415504111e-09	1.2848914821e-08
2.42802888203e-09	2.01483771889e-08
2.44190272294e-09	1.12382281259e-08
2.45577656386e-09	-3.66776475857e-09
2.46965040477e-09	-1.20722347674e-08
2.48352424569e-09	-6.26250340474e-09
2.4973980866e-09	1.2547644701e-08
2.51127192752e-09	3.51471101112e-08
2.52514576843e-09	4.94654841532e-08
2.53901960935e-09	4.75910155728e-08
2.55289345026e-09	2.96876692119e-08
2.56676729118e-09	4.10518907756e-09
2.58064113209e-09	-1.74169514366e-08
2.59451497301e-09	-2.61116497313e-08
2.60838881392e-09	-2.07869561564e-08
2.62226265484e-09	-7.98391397439e-09
2.63613649576e-09	2.07100470107e-09
2.65001033667e-09	1.19455023651e-09
2.66388417759e-09	-1.18744152289e-08
2.6777580185e-09	-3.08108667468e-08
2.69163185942e-09	-4.5021721462e-08
2.70550570033e-09	-4.49541772696e-08
2.71937954125e-09	-2.72100919574e-08
2.73325338216e-09	3.69996655536e-09
2.74712722308e-09	3.7122873664e-08
2.76100106399e-09	6.11855881516e-08
2.77487490491e-09	6.77365363799e-08
2.78874874582e-09	5.56730732626e-08
2.80262258674e-09	3.08752419187e-08
2.81649642765e-09	3.12036263495e-09
2.83037026857e-09	-1.85366388905e-08
2.84424410948e-09	-2.94024573577e-08
2.8581179504e-09	-3.04083869196e-08
2.87199179131e-09	-2.64404604877e-08
2.88586563223e-09	-2.28756675824e-08
2.89973947315e-09	-2.23176215286e-08
2.91361331406e-09	-2.34454660131e-08
2.92748715498e-09	-2.20147029495e-08
2.94136099589e-09	-1.41316522928e-08
2.95523483681e-09	1.06081188278e-09
2.96910867772e-09	2.04136085813e-08
2.98298251864e-09	3.7828300492e-08
2.99685635955e-09	4.70777195005e-08
3.01073020047e-09	4.49376216238e-08
3.02460404138e-09	3.24376117078e-08
3.0384778823e-09	1.43572549405e-08
3.05235172321e-09	-3.07240100028e-09
3.06622556413e-09	-1.49356154111e-08
3.08009940504e-09	-1.97772322963e-08
3.09397324596e-09	-1.94598044345e-08
3.10784708687e-09	-1.78217760549e-08
3.12172092779e-09	-1.82030248652e-08
3.13559476871e-09	-2.15338218368e-08
3.14946860962e-09	-2.56764280948e-08
3.16334245054e-09	-2.65857664772e-08
3.17721629145e-09	-2.05802539455e-08
3.19109013237e-09	-6.6369096885e-09
3.20496397328e-09	1.26465238282e-08
3.2188378142e-09	3.20248432217e-08
3.23271165511e-09	4.56262796433e-08
3.24658549603e-09	4.97140888456e-08
3.26045933694e-09	4.4026961632e-08
3.27433317786e-09	3.15083497071e-08
3.28820701877e-09	1.66299400917e-08
3.30208085969e-09	3.00735791825e-09
3.3159547006e-09	-7.87855469753e-09
3.32982854152e-09	-1.68794827005e-08
3.34370238243e-09	-2.57619774402e-08
3.35757622335e-09	-3.53438736056e-08
3.37145006426e-09	-4.43601919642e-08
3.38532390518e-09	-4.9487411502e-08
3.3991977461e-09	-4.68637608719e-08
3.41307158701e-09	-3.40163524015e-08
3.42694542793e-09	-1.16143432649e-08
3.44081926884e-09	1.61909667895e-08
3.45469310976e-09	4.28996713708e-08
3.46856695067e-09	6.18584294898e-08
3.48244079159e-09	6.870419611e-08
3.4963146325e-09	6.26379517144e-08
3.51018847342e-09	4.6632322892e-08
3.52406231433e-09	2.56448942082e-08
3.53793615525e-09	4.72446082256e-09
3.55180999616e-09	-1.27998305288e-08
3.56568383708e-09	-2.60269246155e-08
3.57955767799e-09	-3.5666914755e-08
3.59343151891e-09	-4.27923225743e-08
3.60730535982e-09	-4.74543355722e-08
3.62117920074e-09	-4.84453153149e-08
3.63505304166e-09	-4.38751897036e-08
3.64892688257e-09	-3.24154463271e-08
3.66280072349e-09	-1.44686254089e-08
3.6766745644e-09	7.511999911e-09
3.69054840532e-09	2.95768529668e-08
3.70442224623e-09	4.75947672385e-08
3.71829608715e-09	5.8471016473e-08
3.73216992806e-09	6.09010157859e-08
3.74604376898e-09	5.54136931896e-08
3.75991760989e-09	4.37747473825e-08
3.77379145081e-09	2.80377463469e-08
3.78766529172e-09	9.99511939881e-09
3.80153913264e-09	-9.06942432266e-09
3.81541297355e-09	-2.79206346931e-08
3.82928681447e-09	-4.499491979e-08
3.84316065538e-09	-5.80131427341e-08
3.8570344963e-09	-6.43421742552e-08
3.87090833721e-09	-6.16830391209e-08
3.88478217813e-09	-4.91867595542e-08
3.89865601905e-09	-2.80760872329e-08
3.91252985996e-09	-1.58388502314e-09
3.92640370088e-09	2.56342786997e-08
3.94027754179e-09	4.89687863592e-08
3.95415138271e-09	6.48992113383e-08
3.96802522362e-09	7.16661645583e-08
3.98189906454e-09	6.91937032116e-08
3.99577290545e-09	5.86907518141e-08
4.00964674637e-09	4.18031333993e-08
4.02352058728e-09	2.03741450377e-08
4.0373944282e-09	-3.73239572582e-09
4.05126826911e-09	-2.83378085442e-08
4.06514211003e-09	-5.070842235e-08
4.07901595094e-09	-6.76820945955e-08
4.09288979186e-09	-7.61606315791e-08
4.10676363277e-09	-7.3816238455e-08
4.12063747369e-09	-6.00776814963e-08
4.1345113146e-09	-3.64638061967e-08
4.14838515552e-09	-6.66626931434e-09
4.16225899644e-09	2.43733495608e-08
4.17613283735e-09	5.15468059348e-08
4.19000667827e-09	7.07661342858e-08
4.20388051918e-09	7.97817847342e-08
4.2177543601e-09	7.82949314271e-08
4.23162820101e-09	6.75988189869e-08
4.24550204193e-09	4.9750774167e-08
4.25937588284e-09	2.70793947266e-08
4.27324972376e-09	1.76319758793e-09
4.28712356467e-09	-2.40299300458e-08
4.30099740559e-09	-4.7879154863e-08
4.3148712465e-09	-6.71133761898e-08
4.32874508742e-09	-7.8946186477e-08
4.34261892833e-09	-8.10498477222e-08
4.35649276925e-09	-7.21317405805e-08
4.37036661016e-09	-5.26122114763e-08
4.38424045108e-09	-2.46897968736e-08
4.398114292e-09	7.88770648796e-09
4.41198813291e-09	4.04379534302e-08
4.42586197383e-09	6.82878180669e-08
4.43973581474e-09	8.74347279023e-08
4.45360965566e-09	9.53219227995e-08
4.46748349657e-09	9.09597588361e-08
4.48135733749e-09	7.49154338564e-08
4.4952311784e-09	4.91833418437e-08
4.50910501932e-09	1.69046074916e-08
4.52297886023e-09	-1.80261849891e-08
4.53685270115e-09	-5.11938651471e-08
4.55072654206e-09	-7.81792550697e-08
4.56460038298e-09	-9.51263245952e-08
4.57847422389e-09	-9.93927642412e-08
4.59234806481e-09	-9.01152361621e-08
4.60622190572e-09	-6.83199843365e-08
4.62009574664e-09	-3.69962407376e-08
4.63396958755e-09	-3.92731180909e-10
4.64784342847e-09	3.66153471987e-08
4.66171726939e-09	6.93003130436e-08
4.6755911103e-09	9.36144601837e-08
4.68946495122e-09	1.06583911474e-07
4.70333879213e-09	1.06560662516e-07
4.71721263305e-09	9.32936359277e-08
4.73108647396e-09	6.8073788384e-08
4.74496031488e-09	3.35542580387e-08
4.75883415579e-09	-6.13158590568e-09
4.77270799671e-09	-4.59625084659e-08
4.78658183762e-09	-8.04855631031e-08
4.80045567854e-09	-1.04679884316e-07
4.81432951945e-09	-1.14815236429e-07
4.82820336037e-09	-1.09202346721e-07
4.84207720128e-09	-8.84653275079e-08
4.8559510422e-09	-5.55005357228e-08
4.86982488311e-09	-1.49837831032e-08
4.88369872403e-09	2.75500724456e-08
4.89757256495e-09	6.66260007165e-08
4.91144640586e-09	9.74541762844e-08
4.92532024678e-09	1.16484670798e-07
4.93919408769e-09	1.21573521028e-07
4.95306792861e-09	1.12035223765e-07
4.96694176952e-09	8.87203341904e-08
4.98081561044e-09	5.39765352414e-08
4.99468945135e-09	1.15524585453e-08
5.00856329227e-09	-3.35616050506e-08
5.02243713318e-09	-7.56032250138e-08
5.0363109741e-09	-1.08865492621e-07
5.05018481501e-09	-1.28366707486e-07
5.06405865593e-09	-1.30897774397e-07
5.07793249684e-09	-1.15443782533e-07
5.09180633776e-09	-8.37463289827e-08
5.10568017867e-09	-3.98098620735e-08
5.11955401959e-09	1.04509467747e-08
5.1334278605e-09	6.01687588642e-08
5.14730170142e-09	1.02664557744e-07
5.16117554234e-09	1.32238824335e-07
5.17504938325e-09	1.44936109336e-07
5.18892322417e-09	1.39024336931e-07
5.20279706508e-09	1.15219677355e-07
5.216670906e-09	7.64670531339e-08
5.23054474691e-09	2.75496176982e-08
5.24441858783e-09	-2.53061216426e-08
5.25829242874e-09	-7.52921778258e-08
5.27216626966e-09	-1.16015030471e-07
5.28604011057e-09	-1.4203169485e-07
5.29991395149e-09	-1.49747904743e-07
5.3137877924e-09	-1.37916913445e-07
5.32766163332e-09	-1.07787798242e-07
5.34153547423e-09	-6.2955493263e-08
5.35540931515e-09	-8.91827767191e-09
5.36928315606e-09	4.75495198771e-08
5.38315699698e-09	9.91364004221e-08
5.39703083789e-09	1.39175995173e-07
5.41090467881e-09	1.62086507771e-07
5.42477851973e-09	1.64492917065e-07
5.43865236064e-09	1.45549392983e-07
5.45252620156e-09	1.07264995108e-07
5.46640004247e-09	5.4290268281e-08
5.48027388339e-09	-6.54233645037e-09
5.4941477243e-09	-6.72001760904e-08
5.50802156522e-09	-1.19630044537e-07
5.52189540613e-09	-1.56605437951e-07
5.53576924705e-09	-1.73167677531e-07
5.54964308796e-09	-1.6699527805e-07
5.56351692888e-09	-1.38755069656e-07
5.57739076979e-09	-9.20545204508e-08
5.59126461071e-09	-3.27229940922e-08
5.60513845162e-09	3.17802459904e-08
5.61901229254e-09	9.34552417675e-08
5.63288613345e-09	1.44430032378e-07
5.64675997437e-09	1.78153072738e-07
5.66063381529e-09	1.89905563275e-07
5.6745076562e-09	1.77649610578e-07
5.68838149712e-09	1.42197819741e-07
5.70225533803e-09	8.75171224379e-08
5.71612917895e-09	2.02746264222e-08
5.73000301986e-09	-5.09938899995e-08
5.74387686078e-09	-1.16803448691e-07
5.75775070169e-09	-1.68163182934e-07
5.77162454261e-09	-1.97737790586e-07
5.78549838352e-09	-2.01223315344e-07
5.79937222444e-09	-1.77704066573e-07
5.81324606535e-09	-1.30043204649e-07
5.82711990627e-09	-6.43547366508e-08
5.84099374718e-09	1.07784217107e-08
5.8548675881e-09	8.55513917486e-08
5.86874142901e-09	1.50284108713e-07
5.88261526993e-09	1.96455516743e-07
5.89648911084e-09	2.17989736484e-07
5.91036295176e-09	2.11950919038e-07
5.92423679268e-09	1.78660741312e-07
5.93811063359e-09	1.2211839362e-07
5.95198447451e-09	4.91880882691e-08
5.96585831542e-09	-3.10949417326e-08
5.97973215634e-09	-1.08515223474e-07
5.99360599725e-09	-1.73039438778e-07
6.00747983817e-09	-2.1597770683e-07
6.02135367908e-09	-2.31422177421e-07
6.03522752e-09	-2.16603268655e-07
6.04910136091e-09	-1.72870841197e-07
6.06297520183e-09	-1.05358168412e-07
6.07684904274e-09	-2.23590177484e-08
6.09072288366e-09	6.53134293316e-08
6.10459672457e-09	1.46301886161e-07
6.11847056549e-09	2.09764721149e-07
6.1323444064e-09	2.46862327913e-07
6.14621824732e-09	2.52346353591e-07
6.16009208823e-09	2.25011035582e-07
6.17396592915e-09	1.67966291542e-07
6.18783977007e-09	8.84092514752e-08
6.20171361098e-09	-3.58102170139e-09
6.2155874519e-09	-9.60403667705e-08
6.22946129281e-09	-1.76923322215e-07
6.24333513373e-09	-2.35683046412e-07
6.25720897464e-09	-2.64398295258e-07
6.27108281556e-09	-2.5905376333e-07
6.28495665647e-09	-2.19845105676e-07
6.29883049739e-09	-1.51127153458e-07
6.3127043383e-09	-6.13757151768e-08
6.32657817922e-09	3.82972302759e-08
6.34045202013e-09	1.35191044137e-07
6.35432586105e-09	2.16656189878e-07
6.36819970196e-09	2.71679027719e-07
6.38207354288e-09	2.92386630463e-07
6.39594738379e-09	2.75415231954e-07
