% time-domain voltage integration by openEMS v0.0.36-145-g8ee535b @Thu Apr  2 14:33:36 2026
% start-coordinates: (0.009,-0.000152542,0) m -> [60,30,1]
% stop-coordinates: (0.009,-0.000152542,0.000508) m -> [60,30,2]
% t/s	voltage
0	-0
1.38738409153e-11	-0
2.77476818305e-11	-0
4.16215227458e-11	-3.47655499903e-26
5.54953636611e-11	-1.70399068543e-15
6.93692045764e-11	-1.27859778321e-10
8.32430454916e-11	-9.26667687029e-10
9.71168864069e-11	-4.97602459237e-10
1.10990727322e-10	-4.32992441901e-09
1.24864568237e-10	-4.80333319786e-08
1.38738409153e-10	-5.66423601356e-08
1.52612250068e-10	-2.22804548144e-08
1.66486090983e-10	1.13824953019e-07
1.80359931899e-10	3.50373937863e-07
1.94233772814e-10	6.86837154262e-07
2.08107613729e-10	1.00298495909e-06
2.21981454644e-10	1.03857473732e-06
2.3585529556e-10	4.18820604864e-07
2.49729136475e-10	-1.21474749903e-06
2.6360297739e-10	-4.11176642956e-06
2.77476818305e-10	-7.80239861342e-06
2.91350659221e-10	-1.10699511424e-05
3.05224500136e-10	-1.17604504339e-05
3.19098341051e-10	-7.23975745132e-06
3.32972181967e-10	4.42866621597e-06
3.46846022882e-10	2.29301567742e-05
3.60719863797e-10	4.44931720267e-05
3.74593704712e-10	6.15957033006e-05
3.88467545628e-10	6.45704858471e-05
4.02341386543e-10	4.51818123111e-05
4.16215227458e-10	9.57713837124e-07
4.30089068374e-10	-6.11718132859e-05
4.43962909289e-10	-0.000124613317894
4.57836750204e-10	-0.000167114863871
4.71710591119e-10	-0.000168586528162
4.85584432035e-10	-0.000120049371617
4.9945827295e-10	-2.95180780086e-05
5.13332113865e-10	7.83529030741e-05
5.2720595478e-10	0.000169994091266
5.41079795696e-10	0.000215280670091
5.54953636611e-10	0.00019983574748
5.68827477526e-10	0.000131178298034
5.82701318442e-10	3.59610494343e-05
5.96575159357e-10	-5.10412392032e-05
6.10449000272e-10	-0.000101534424175
6.24322841187e-10	-0.000105130078737
6.38196682103e-10	-7.24000201444e-05
6.52070523018e-10	-2.8420741728e-05
6.65944363933e-10	3.06711882558e-07
6.79818204848e-10	-1.21708922052e-06
6.93692045764e-10	-2.95316076517e-05
7.07565886679e-10	-6.53182287351e-05
7.21439727594e-10	-8.38054183987e-05
7.3531356851e-10	-6.78447104292e-05
7.49187409425e-10	-1.70034381881e-05
7.6306125034e-10	5.18154411111e-05
7.76935091255e-10	0.000112292953418
7.90808932171e-10	0.000141101714689
8.04682773086e-10	0.000128440675326
8.18556614001e-10	8.17399704829e-05
8.32430454916e-10	2.10166708712e-05
8.46304295832e-10	-3.12695337925e-05
8.60178136747e-10	-6.05550958426e-05
8.74051977662e-10	-6.54704635963e-05
8.87925818578e-10	-5.59954933124e-05
9.01799659493e-10	-4.61647905468e-05
9.15673500408e-10	-4.54611472378e-05
9.29547341323e-10	-5.3535673942e-05
9.43421182239e-10	-6.10004972259e-05
9.57295023154e-10	-5.52404708287e-05
9.71168864069e-10	-2.82074997813e-05
9.85042704984e-10	1.80674760486e-05
9.989165459e-10	7.11636093911e-05
1.01279038682e-09	0.000113284317194
1.02666422773e-09	0.000128993124235
1.04053806865e-09	0.000112070469186
1.05441190956e-09	6.80646553519e-05
1.06828575048e-09	1.15379843919e-05
1.08215959139e-09	-4.02200166718e-05
1.09603343231e-09	-7.41984331398e-05
1.10990727322e-09	-8.58737184899e-05
1.12378111414e-09	-7.90731137386e-05
1.13765495505e-09	-6.22297811788e-05
1.15152879597e-09	-4.33854766015e-05
1.16540263688e-09	-2.6582261853e-05
1.1792764778e-09	-1.14278964247e-05
1.19315031871e-09	4.73977388538e-06
1.20702415963e-09	2.34686121985e-05
1.22089800054e-09	4.30062536907e-05
1.23477184146e-09	5.85096240684e-05
1.24864568237e-09	6.43619787297e-05
1.26251952329e-09	5.7393041061e-05
1.27639336421e-09	3.89948909287e-05
1.29026720512e-09	1.48771023305e-05
1.30414104604e-09	-7.31311411073e-06
1.31801488695e-09	-2.14612755371e-05
1.33188872787e-09	-2.57202736975e-05
1.34576256878e-09	-2.30175828619e-05
1.3596364097e-09	-1.91660001292e-05
1.37351025061e-09	-1.94866206584e-05
1.38738409153e-09	-2.57285610132e-05
1.40125793244e-09	-3.48753637809e-05
1.41513177336e-09	-4.0574799641e-05
1.42900561427e-09	-3.64408588212e-05
1.44287945519e-09	-1.9572002202e-05
1.4567532961e-09	7.45686929804e-06
1.47062713702e-09	3.72832910216e-05
1.48450097793e-09	6.06871726632e-05
1.49837481885e-09	7.04269332346e-05
1.51224865976e-09	6.40676444164e-05
1.52612250068e-09	4.45963451057e-05
1.5399963416e-09	1.86801407835e-05
1.55387018251e-09	-6.40859389023e-06
1.56774402343e-09	-2.56361272477e-05
1.58161786434e-09	-3.7484227505e-05
1.59549170526e-09	-4.33053792221e-05
1.60936554617e-09	-4.53908651252e-05
1.62323938709e-09	-4.49281360488e-05
1.637113228e-09	-4.10669817938e-05
1.65098706892e-09	-3.16378791467e-05
1.66486090983e-09	-1.49601655721e-05
1.67873475075e-09	8.16961437522e-06
1.69260859166e-09	3.36726552632e-05
1.70648243258e-09	5.50799777557e-05
1.72035627349e-09	6.59076249576e-05
1.73423011441e-09	6.24060048722e-05
1.74810395532e-09	4.53124303021e-05
1.76197779624e-09	1.97452045541e-05
1.77585163716e-09	-6.81551227899e-06
1.78972547807e-09	-2.74924914265e-05
1.80359931899e-09	-3.8495829358e-05
1.8174731599e-09	-4.00689787057e-05
1.83134700082e-09	-3.55408265023e-05
1.84522084173e-09	-2.91241576633e-05
1.85909468265e-09	-2.3664739274e-05
1.87296852356e-09	-1.94831609406e-05
1.88684236448e-09	-1.47130294863e-05
1.90071620539e-09	-6.93893662174e-06
1.91459004631e-09	4.9820946515e-06
1.92846388722e-09	1.98158104467e-05
1.94233772814e-09	3.41521154041e-05
1.95621156905e-09	4.38099668827e-05
1.97008540997e-09	4.56860398117e-05
1.98395925088e-09	3.90903551306e-05
1.9978330918e-09	2.59798980551e-05
2.01170693271e-09	9.96479411697e-06
2.02558077363e-09	-5.30084298589e-06
2.03945461455e-09	-1.75424902409e-05
2.05332845546e-09	-2.63706278929e-05
2.06720229638e-09	-3.27126726916e-05
2.08107613729e-09	-3.75464333047e-05
2.09494997821e-09	-4.07613006246e-05
2.10882381912e-09	-4.07868938055e-05
2.12269766004e-09	-3.53131108568e-05
2.13657150095e-09	-2.26690663112e-05
2.15044534187e-09	-3.19193668474e-06
2.16431918278e-09	2.02033461392e-05
2.1781930237e-09	4.26159967901e-05
2.19206686461e-09	5.86827627558e-05
2.20594070553e-09	6.43792227493e-05
2.21981454644e-09	5.83520559303e-05
2.23368838736e-09	4.22082302975e-05
2.24756222827e-09	1.97803728952e-05
2.26143606919e-09	-4.24077506977e-06
2.2753099101e-09	-2.57329211308e-05
2.28918375102e-09	-4.19866446464e-05
2.30305759194e-09	-5.18443666806e-05
2.31693143285e-09	-5.5223947129e-05
2.33080527377e-09	-5.24808674527e-05
2.34467911468e-09	-4.40009280283e-05
2.3585529556e-09	-3.02407079289e-05
2.37242679651e-09	-1.2129933566e-05
2.38630063743e-09	8.50030482979e-06
2.40017447834e-09	2.88517512672e-05
2.41404831926e-09	4.55850276921e-05
2.42792216017e-09	5.56842423975e-05
2.44179600109e-09	5.73557772441e-05
2.455669842e-09	5.05774187332e-05
2.46954368292e-09	3.70336056221e-05
2.48341752383e-09	1.94754211407e-05
2.49729136475e-09	8.33980379866e-07
2.51116520566e-09	-1.65459605341e-05
2.52503904658e-09	-3.1208674045e-05
2.5389128875e-09	-4.2416722863e-05
2.55278672841e-09	-4.9696489441e-05
2.56666056933e-09	-5.24418719579e-05
2.58053441024e-09	-4.98237313877e-05
2.59440825116e-09	-4.11248402088e-05
2.60828209207e-09	-2.62956164079e-05
2.62215593299e-09	-6.46358330414e-06
2.6360297739e-09	1.59149167303e-05
2.64990361482e-09	3.73971670342e-05
2.66377745573e-09	5.43145251868e-05
2.67765129665e-09	6.36657641735e-05
2.69152513756e-09	6.38436176814e-05
2.70539897848e-09	5.49225624127e-05
2.71927281939e-09	3.84668310289e-05
2.73314666031e-09	1.70077746589e-05
2.74702050122e-09	-6.54578570902e-06
2.76089434214e-09	-2.93617376883e-05
2.77476818305e-09	-4.88790537929e-05
2.78864202397e-09	-6.2844621425e-05
2.80251586489e-09	-6.93674883223e-05
2.8163897058e-09	-6.71121815685e-05
2.83026354672e-09	-5.56591839995e-05
2.84413738763e-09	-3.58917968697e-05
2.85801122855e-09	-1.01674986581e-05
2.87188506946e-09	1.78739137482e-05
2.88575891038e-09	4.39087671111e-05
2.89963275129e-09	6.37953926343e-05
2.91350659221e-09	7.44432691135e-05
2.92738043312e-09	7.44025237509e-05
2.94125427404e-09	6.40389262117e-05
2.95512811495e-09	4.52677450085e-05
2.96900195587e-09	2.10097878153e-05
2.98287579678e-09	-5.41134568266e-06
2.9967496377e-09	-3.07680602418e-05
3.01062347861e-09	-5.22095397173e-05
3.02449731953e-09	-6.73970862408e-05
3.03837116045e-09	-7.45749857742e-05
3.05224500136e-09	-7.27000006009e-05
3.06611884228e-09	-6.16518154857e-05
3.07999268319e-09	-4.24344107159e-05
3.09386652411e-09	-1.72480249603e-05
3.10774036502e-09	1.06984698505e-05
3.12161420594e-09	3.76355492335e-05
3.13548804685e-09	5.98733495281e-05
3.14936188777e-09	7.44123972254e-05
3.16323572868e-09	7.94078878243e-05
3.1771095696e-09	7.43367854739e-05
3.19098341051e-09	5.9927424445e-05
3.20485725143e-09	3.79306547984e-05
3.21873109234e-09	1.08520207505e-05
3.23260493326e-09	-1.82738876902e-05
3.24647877417e-09	-4.60841984022e-05
3.26035261509e-09	-6.91238965373e-05
3.274226456e-09	-8.4191939095e-05
3.28810029692e-09	-8.87983478606e-05
3.30197413784e-09	-8.16627216409e-05
3.31584797875e-09	-6.31258517387e-05
3.32972181967e-09	-3.53012655978e-05
3.34359566058e-09	-1.87222030945e-06
3.3574695015e-09	3.24622778862e-05
3.37134334241e-09	6.27801127848e-05
3.38521718333e-09	8.47712144605e-05
3.39909102424e-09	9.54121860559e-05
3.41296486516e-09	9.33576156967e-05
3.42683870607e-09	7.90020421846e-05
3.44071254699e-09	5.4293377616e-05
3.4545863879e-09	2.23788993026e-05
3.46846022882e-09	-1.27886751216e-05
3.48233406973e-09	-4.6865297918e-05
3.49620791065e-09	-7.55416986067e-05
3.51008175156e-09	-9.50189787545e-05
3.52395559248e-09	-0.000102492449514
3.53782943339e-09	-9.66147563304e-05
3.55170327431e-09	-7.78115499998e-05
3.56557711523e-09	-4.83363837702e-05
3.57945095614e-09	-1.20298864204e-05
3.59332479706e-09	2.62328376266e-05
3.60719863797e-09	6.127513916e-05
3.62107247889e-09	8.83985558175e-05
3.6349463198e-09	0.000104044032923
3.64882016072e-09	0.000106238258013
3.66269400163e-09	9.47676089709e-05
3.67656784255e-09	7.11045577191e-05
3.69044168346e-09	3.81649188057e-05
3.70431552438e-09	-5.62067228316e-08
3.71818936529e-09	-3.89125125366e-05
3.73206320621e-09	-7.35859721317e-05
3.74593704712e-09	-9.96152302832e-05
3.75981088804e-09	-0.000113433488877
3.77368472895e-09	-0.000112892907055
3.78755856987e-09	-9.76478113444e-05
3.80143241079e-09	-6.93107795087e-05
3.8153062517e-09	-3.13271120831e-05
3.82918009262e-09	1.14555568871e-05
3.84305393353e-09	5.34488863195e-05
3.85692777445e-09	8.90897426871e-05
3.87080161536e-09	0.000113603622594
3.88467545628e-09	0.000123630161397
3.89854929719e-09	0.000117645249702
3.91242313811e-09	9.61546829785e-05
3.92629697902e-09	6.16520628682e-05
3.94017081994e-09	1.83429983736e-05
3.95404466085e-09	-2.83264271275e-05
3.96791850177e-09	-7.2310489486e-05
3.98179234268e-09	-0.000107725805719
3.9956661836e-09	-0.000129643172841
4.00954002451e-09	-0.000134816873469
4.02341386543e-09	-0.000122203244246
4.03728770634e-09	-9.31827526074e-05
4.05116154726e-09	-5.14231433044e-05
4.06503538818e-09	-2.37708104578e-06
4.07890922909e-09	4.74809930893e-05
4.09278307001e-09	9.15593773243e-05
4.10665691092e-09	0.000124043479445
4.12053075184e-09	0.000140643140185
4.13440459275e-09	0.000139109804877
4.14827843367e-09	0.000119487274787
4.16215227458e-09	8.40931970743e-05
4.1760261155e-09	3.72459144273e-05
4.18989995641e-09	-1.5227898075e-05
4.20377379733e-09	-6.66690248181e-05
4.21764763824e-09	-0.000110404129373
4.23152147916e-09	-0.000140586591442
4.24539532007e-09	-0.000153001252329
4.25926916099e-09	-0.000145676123793
4.2731430019e-09	-0.000119214593724
4.28701684282e-09	-7.6776734204e-05
4.30089068374e-09	-2.36963951465e-05
4.31476452465e-09	3.32119889208e-05
4.32863836557e-09	8.65504844114e-05
4.34251220648e-09	0.000129317530082
4.3563860474e-09	0.000155816887855
4.37025988831e-09	0.000162394688232
4.38413372923e-09	0.000147914281115
4.39800757014e-09	0.000113915775728
4.41188141106e-09	6.44650426693e-05
4.42575525197e-09	5.68327868677e-06
4.43962909289e-09	-5.49750875507e-05
4.4535029338e-09	-0.000109645086923
4.46737677472e-09	-0.000151068496052
4.48125061563e-09	-0.000173552514752
4.49512445655e-09	-0.000173774838913
4.50899829746e-09	-0.000151285072207
4.52287213838e-09	-0.000108627413283
4.53674597929e-09	-5.10543359269e-05
4.55061982021e-09	1.41178952617e-05
4.56449366113e-09	7.84530566307e-05
4.57836750204e-09	0.000133490888402
4.59224134296e-09	0.000171856372617
4.60611518387e-09	0.000188242731383
4.61998902479e-09	0.000180137940333
4.6338628657e-09	0.00014820798242
4.64773670662e-09	9.62460617302e-05
4.66161054753e-09	3.07536356559e-05
4.67548438845e-09	-3.98828997277e-05
4.68935822936e-09	-0.000106458384835
4.70323207028e-09	-0.00016016382142
4.71710591119e-09	-0.000193758314708
4.73097975211e-09	-0.000202553157578
4.74485359302e-09	-0.000185065480764
4.75872743394e-09	-0.000143237295561
4.77260127485e-09	-8.22101428639e-05
4.78647511577e-09	-9.68026779447e-06
4.80034895668e-09	6.50914589642e-05
4.8142227976e-09	0.000132436340209
4.82809663852e-09	0.00018351811741
4.84197047943e-09	0.000211468475754
4.85584432035e-09	0.000212281214772
4.86971816126e-09	0.000185386103112
4.88359200218e-09	0.000133784938953
4.89746584309e-09	6.37543562334e-05
4.91133968401e-09	-1.59014507517e-05
4.92521352492e-09	-9.49399181991e-05
4.93908736584e-09	-0.000162993252161
4.95296120675e-09	-0.0002109456982
4.96683504767e-09	-0.000232153994148
4.98070888858e-09	-0.000223394250497
4.9945827295e-09	-0.000185330514796
5.00845657041e-09	-0.000122491052025
5.02233041133e-09	-4.27190425398e-05
5.03620425224e-09	4.38130628027e-05
5.05007809316e-09	0.000125910781207
5.06395193408e-09	0.000192790466826
5.07782577499e-09	0.000235495521338
5.09169961591e-09	0.000248069030931
5.10557345682e-09	0.000228372140555
5.11944729774e-09	0.000178437650902
5.13332113865e-09	0.000104266298877
5.14719497957e-09	1.51331259985e-05
5.16106882048e-09	-7.75599328335e-05
5.1749426614e-09	-0.000161741147167
5.18881650231e-09	-0.000226239309995
5.20269034323e-09	-0.000262271001702
5.21656418414e-09	-0.000264637288637
5.23043802506e-09	-0.000232474325458
5.24431186597e-09	-0.000169439896126
5.25818570689e-09	-8.32993318909e-05
5.2720595478e-09	1.50325276991e-05
5.28593338872e-09	0.000112872163299
5.29980722963e-09	0.000197408036911
5.31368107055e-09	0.000257367937593
5.32755491147e-09	0.000284531764919
5.34142875238e-09	0.000274834077572
5.3553025933e-09	0.00022897333838
5.36917643421e-09	0.000152384614921
5.38305027513e-09	5.46007140656e-05
5.39692411604e-09	-5.1927214372e-05
5.41079795696e-09	-0.000153422311996
5.42467179787e-09	-0.000236558771576
5.43854563879e-09	-0.000290209107334
5.4524194797e-09	-0.000306917063426
5.46629332062e-09	-0.000283935980406
5.48016716153e-09	-0.000223628492677
5.49404100245e-09	-0.000133261695737
5.50791484336e-09	-2.41190555244e-05
5.52178868428e-09	8.98864091141e-05
5.53566252519e-09	0.000193964297068
5.54953636611e-09	0.000274366029771
5.56341020703e-09	0.000320182385622
5.57728404794e-09	0.000324829976307
5.59115788886e-09	0.000286985537969
5.60503172977e-09	0.000210875543416
5.61890557069e-09	0.000105812287075
5.6327794116e-09	-1.49249999595e-05
5.64665325252e-09	-0.00013577149366
5.66052709343e-09	-0.000240895169554
5.67440093435e-09	-0.000316271383781
5.68827477526e-09	-0.000351562659489
5.70214861618e-09	-0.000341517064953
5.71602245709e-09	-0.000286750379018
5.72989629801e-09	-0.000193723506527
5.74377013892e-09	-7.3998940934e-05
5.75764397984e-09	5.72099561396e-05
5.77151782075e-09	0.000182951072929
5.78539166167e-09	0.000286730355583
5.79926550258e-09	0.000354648684151
5.8131393435e-09	0.000377249467419
5.82701318442e-09	0.000350841175532
5.84088702533e-09	0.000278065446764
5.85476086625e-09	0.000167663223692
5.86863470716e-09	3.34399701387e-05
5.88250854808e-09	-0.00010743967141
5.89638238899e-09	-0.000236657913774
5.91025622991e-09	-0.000337111152476
5.92413007082e-09	-0.000395190698327
5.93800391174e-09	-0.000402607634896
5.95187775265e-09	-0.000357578188414
5.96575159357e-09	-0.000265155395027
5.97962543448e-09	-0.000136676273542
5.9934992754e-09	1.16243500088e-05
6.00737311631e-09	0.000160672716447
6.02124695723e-09	0.000291001226287
6.03512079814e-09	0.000385286082746
6.04899463906e-09	0.000430648447946
6.06286847997e-09	0.000420388998464
6.07674232089e-09	0.00035497310455
6.09061616181e-09	0.000242050678935
6.10449000272e-09	9.56189251156e-05
6.11836384364e-09	-6.57588898321e-05
6.13223768455e-09	-0.00022125079704
6.14611152547e-09	-0.000350464077201
6.15998536638e-09	-0.000436095404439
6.1738592073e-09	-0.000466248660814
6.18773304821e-09	-0.000436066708062
6.20160688913e-09	-0.00034848364885
6.21548073004e-09	-0.000213999825064
6.22935457096e-09	-4.94112464366e-05
6.24322841187e-09	0.00012425823661
6.25710225279e-09	0.000284432753688
6.2709760937e-09	0.000409937958466
6.28484993462e-09	0.000483778392663
6.29872377553e-09	0.000495443178806
6.31259761645e-09	0.000442402524641
6.32647145737e-09	0.000330552080413
6.34034529828e-09	0.000173590233317
6.3542191392e-09	-8.67107974045e-06
6.36809298011e-09	-0.000192793755559
6.38196682103e-09	-0.000354747084202
6.39584066194e-09	-0.000473005697131
