% time-domain voltage integration by openEMS v0.0.36-145-g8ee535b @Thu Apr  2 14:33:36 2026
% start-coordinates: (-0.000152542,-0.009,0) m -> [30,1,1]
% stop-coordinates: (-0.000152542,-0.009,0.000508) m -> [30,1,2]
% t/s	voltage
0	-0
1.38738409153e-11	-0
2.77476818305e-11	-0
4.16215227458e-11	-5.49370187471e-14
5.54953636611e-11	-4.83674711393e-10
6.93692045764e-11	-2.15309015061e-08
8.32430454916e-11	-5.96995732849e-08
9.71168864069e-11	-6.23252844889e-08
1.10990727322e-10	1.86266397861e-08
1.24864568237e-10	1.89495722225e-07
1.38738409153e-10	5.54469977487e-07
1.52612250068e-10	1.03776017113e-06
1.66486090983e-10	1.55001180246e-06
1.80359931899e-10	1.73489627286e-06
1.94233772814e-10	1.00319971352e-06
2.08107613729e-10	-1.17342278827e-06
2.21981454644e-10	-5.2110631259e-06
2.3585529556e-10	-1.06763600343e-05
2.49729136475e-10	-1.6148595023e-05
2.6360297739e-10	-1.88276153494e-05
2.77476818305e-10	-1.51251360876e-05
2.91350659221e-10	-2.15011914406e-06
3.05224500136e-10	2.08465971809e-05
3.19098341051e-10	5.0455051678e-05
3.32972181967e-10	7.86654200056e-05
3.46846022882e-10	9.43188861129e-05
3.60719863797e-10	8.64801404532e-05
3.74593704712e-10	4.9257370847e-05
3.88467545628e-10	-1.41736927617e-05
4.02341386543e-10	-9.02274186956e-05
4.16215227458e-10	-0.000157951275469
4.30089068374e-10	-0.000195837041247
4.43962909289e-10	-0.000190100166947
4.57836750204e-10	-0.000140930176713
4.71710591119e-10	-6.33897652733e-05
4.85584432035e-10	1.79437847692e-05
4.9945827295e-10	7.85822849139e-05
5.13332113865e-10	0.00010430344264
5.2720595478e-10	9.64994978858e-05
5.41079795696e-10	7.08187144483e-05
5.54953636611e-10	4.89250669489e-05
5.68827477526e-10	4.75897286378e-05
5.82701318442e-10	7.02741017449e-05
5.96575159357e-10	0.000105363040348
6.10449000272e-10	0.000131830354803
6.24322841187e-10	0.000129881911562
6.38196682103e-10	9.12173854886e-05
6.52070523018e-10	2.39655346377e-05
6.65944363933e-10	-5.01462054672e-05
6.79818204848e-10	-0.000105379658635
6.93692045764e-10	-0.000123690784676
7.07565886679e-10	-0.000102873673313
7.21439727594e-10	-5.77279133722e-05
7.3531356851e-10	-1.28935062094e-05
7.49187409425e-10	8.6029731392e-06
7.6306125034e-10	-3.88402258977e-06
7.76935091255e-10	-4.34499888797e-05
7.90808932171e-10	-8.88936629053e-05
8.04682773086e-10	-0.000114455287985
8.18556614001e-10	-0.00010190748435
8.32430454916e-10	-4.93006227771e-05
8.46304295832e-10	2.77075887425e-05
8.60178136747e-10	0.000102322912426
8.74051977662e-10	0.000148169317981
8.87925818578e-10	0.000150674153701
9.01799659493e-10	0.000113201145723
9.15673500408e-10	5.51611483388e-05
9.29547341323e-10	3.1503586797e-06
9.43421182239e-10	-2.10300077015e-05
9.57295023154e-10	-1.00458037195e-05
9.71168864069e-10	2.59794178419e-05
9.85042704984e-10	6.43537641736e-05
9.989165459e-10	8.04736046121e-05
1.01279038682e-09	5.93021832174e-05
1.02666422773e-09	2.58874933934e-06
1.04053806865e-09	-7.13950503268e-05
1.05441190956e-09	-0.000135537920869
1.06828575048e-09	-0.000165363933775
1.08215959139e-09	-0.000149269297253
1.09603343231e-09	-9.31956601562e-05
1.10990727322e-09	-1.76751527761e-05
1.12378111414e-09	5.10685786139e-05
1.13765495505e-09	9.19522426557e-05
1.15152879597e-09	9.71466797637e-05
1.16540263688e-09	7.39064271329e-05
1.1792764778e-09	3.99031559937e-05
1.19315031871e-09	1.4218094293e-05
1.20702415963e-09	8.52551966091e-06
1.22089800054e-09	2.22263079195e-05
1.23477184146e-09	4.37654816778e-05
1.24864568237e-09	5.70470947423e-05
1.26251952329e-09	4.98643785249e-05
1.27639336421e-09	2.02443334274e-05
1.29026720512e-09	-2.22772614507e-05
1.30414104604e-09	-6.09921662544e-05
1.31801488695e-09	-7.97309621703e-05
1.33188872787e-09	-7.04617341398e-05
1.34576256878e-09	-3.7164256355e-05
1.3596364097e-09	5.81266431254e-06
1.37351025061e-09	3.99923956138e-05
1.38738409153e-09	5.10085883434e-05
1.40125793244e-09	3.48155917891e-05
1.41513177336e-09	-5.67481038161e-07
1.42900561427e-09	-3.86954961868e-05
1.44287945519e-09	-6.19754137006e-05
1.4567532961e-09	-5.92456344748e-05
1.47062713702e-09	-3.04251079797e-05
1.48450097793e-09	1.37354118124e-05
1.49837481885e-09	5.64925212529e-05
1.51224865976e-09	8.23207374196e-05
1.52612250068e-09	8.31689540064e-05
1.5399963416e-09	6.12813964835e-05
1.55387018251e-09	2.73990954156e-05
1.56774402343e-09	-4.46549529443e-06
1.58161786434e-09	-2.32321872318e-05
1.59549170526e-09	-2.52072168223e-05
1.60936554617e-09	-1.47615864989e-05
1.62323938709e-09	-1.44724617712e-06
1.637113228e-09	5.08580706082e-06
1.65098706892e-09	-1.88869307749e-07
1.66486090983e-09	-1.54916015163e-05
1.67873475075e-09	-3.3394942875e-05
1.69260859166e-09	-4.4676282414e-05
1.70648243258e-09	-4.28316343459e-05
1.72035627349e-09	-2.72208635579e-05
1.73423011441e-09	-3.31958472088e-06
1.74810395532e-09	1.98618708964e-05
1.76197779624e-09	3.3950258512e-05
1.77585163716e-09	3.49367073795e-05
1.78972547807e-09	2.4810728064e-05
1.80359931899e-09	1.03357670014e-05
1.8174731599e-09	-3.23780113831e-07
1.83134700082e-09	-1.52230495587e-06
1.84522084173e-09	7.21313335816e-06
1.85909468265e-09	2.10620928556e-05
1.87296852356e-09	3.22490923281e-05
1.88684236448e-09	3.37187375408e-05
1.90071620539e-09	2.252044942e-05
1.91459004631e-09	1.25901715364e-06
1.92846388722e-09	-2.29583783948e-05
1.94233772814e-09	-4.15135436924e-05
1.95621156905e-09	-4.79359659948e-05
1.97008540997e-09	-4.05003629567e-05
1.98395925088e-09	-2.27626005653e-05
1.9978330918e-09	-1.84361488209e-06
2.01170693271e-09	1.46772181324e-05
2.02558077363e-09	2.18381937884e-05
2.03945461455e-09	1.90827631741e-05
2.05332845546e-09	1.00035904325e-05
2.06720229638e-09	3.67494067177e-07
2.08107613729e-09	-4.67232166557e-06
2.09494997821e-09	-2.81707252725e-06
2.10882381912e-09	4.59032162325e-06
2.12269766004e-09	1.34797701321e-05
2.13657150095e-09	1.91720973817e-05
2.15044534187e-09	1.86162505997e-05
2.16431918278e-09	1.17487543321e-05
2.1781930237e-09	1.37059396366e-06
2.19206686461e-09	-8.27389158076e-06
2.20594070553e-09	-1.35329755722e-05
2.21981454644e-09	-1.3002394553e-05
2.23368838736e-09	-8.02855356596e-06
2.24756222827e-09	-1.93945015781e-06
2.26143606919e-09	1.67583129951e-06
2.2753099101e-09	7.22557160771e-07
2.28918375102e-09	-4.37580456492e-06
2.30305759194e-09	-1.08701824502e-05
2.31693143285e-09	-1.50255727931e-05
2.33080527377e-09	-1.39003441291e-05
2.34467911468e-09	-6.8205408752e-06
2.3585529556e-09	4.17674891651e-06
2.37242679651e-09	1.51316016854e-05
2.38630063743e-09	2.18179629883e-05
2.40017447834e-09	2.15472682612e-05
2.41404831926e-09	1.43194047268e-05
2.42792216017e-09	2.83194458461e-06
2.44179600109e-09	-8.63928289618e-06
2.455669842e-09	-1.59907831403e-05
2.46954368292e-09	-1.69116756297e-05
2.48341752383e-09	-1.16967930808e-05
2.49729136475e-09	-2.9441616789e-06
2.51116520566e-09	5.65541631659e-06
2.52503904658e-09	1.08920467028e-05
2.5389128875e-09	1.12752386485e-05
2.55278672841e-09	7.44150747778e-06
2.56666056933e-09	1.62085416378e-06
2.58053441024e-09	-3.5255397961e-06
2.59440825116e-09	-6.12180883763e-06
2.60828209207e-09	-5.83402288612e-06
2.62215593299e-09	-3.81107020075e-06
2.6360297739e-09	-1.94751555682e-06
2.64990361482e-09	-1.81978975888e-06
2.66377745573e-09	-3.84023951483e-06
2.67765129665e-09	-7.04283593222e-06
2.69152513756e-09	-9.55592986429e-06
2.70539897848e-09	-9.55151335802e-06
2.71927281939e-09	-6.18672129349e-06
2.73314666031e-09	-9.7763404483e-08
2.74702050122e-09	6.8084045779e-06
2.76089434214e-09	1.21395351016e-05
2.77476818305e-09	1.40528827615e-05
2.78864202397e-09	1.20360637084e-05
2.80251586489e-09	7.1003123594e-06
2.8163897058e-09	1.29610634758e-06
2.83026354672e-09	-3.20247272612e-06
2.84413738763e-09	-5.05509888171e-06
2.85801122855e-09	-4.29868669016e-06
2.87188506946e-09	-2.2490239644e-06
2.88575891038e-09	-8.16009560367e-07
2.89963275129e-09	-1.55572342919e-06
2.91350659221e-09	-4.87655415782e-06
2.92738043312e-09	-9.79638571152e-06
2.94125427404e-09	-1.43079796544e-05
2.95512811495e-09	-1.62472442753e-05
2.96900195587e-09	-1.42388344102e-05
2.98287579678e-09	-8.30061799206e-06
2.9967496377e-09	1.02321791928e-07
3.01062347861e-09	8.62978049554e-06
3.02449731953e-09	1.49392035382e-05
3.03837116045e-09	1.75384084287e-05
3.05224500136e-09	1.62251744769e-05
3.06611884228e-09	1.19939686556e-05
3.07999268319e-09	6.47803972242e-06
3.09386652411e-09	1.2258424249e-06
3.10774036502e-09	-2.87693183054e-06
3.12161420594e-09	-5.77855462325e-06
3.13548804685e-09	-8.01042551757e-06
3.14936188777e-09	-1.01741170511e-05
3.16323572868e-09	-1.24500984384e-05
3.1771095696e-09	-1.43661582115e-05
3.19098341051e-09	-1.49847110151e-05
3.20485725143e-09	-1.33638077386e-05
3.21873109234e-09	-9.10908420337e-06
3.23260493326e-09	-2.71681165032e-06
3.24647877417e-09	4.47110869572e-06
3.26035261509e-09	1.06767656689e-05
3.274226456e-09	1.43351462611e-05
3.28810029692e-09	1.46448765008e-05
3.30197413784e-09	1.18406715046e-05
3.31584797875e-09	7.0416390372e-06
3.32972181967e-09	1.77464607987e-06
3.34359566058e-09	-2.62604589807e-06
3.3574695015e-09	-5.47546733287e-06
3.37134334241e-09	-6.87134888722e-06
3.38521718333e-09	-7.4671843322e-06
3.39909102424e-09	-8.03033617558e-06
3.41296486516e-09	-8.97994868865e-06
3.42683870607e-09	-1.01440982689e-05
3.44071254699e-09	-1.08236745291e-05
3.4545863879e-09	-1.01484820334e-05
3.46846022882e-09	-7.52046071284e-06
3.48233406973e-09	-2.98517261399e-06
3.49620791065e-09	2.68829171546e-06
3.51008175156e-09	8.21281719254e-06
3.52395559248e-09	1.22162819025e-05
3.53782943339e-09	1.37032184284e-05
3.55170327431e-09	1.23626450659e-05
3.56557711523e-09	8.61580338096e-06
3.57945095614e-09	3.4025106288e-06
3.59332479706e-09	-2.17099659494e-06
3.60719863797e-09	-7.17700095265e-06
3.62107247889e-09	-1.10536366265e-05
3.6349463198e-09	-1.36070393637e-05
3.64882016072e-09	-1.48489780258e-05
3.66269400163e-09	-1.48154376802e-05
3.67656784255e-09	-1.34461988637e-05
3.69044168346e-09	-1.06240659079e-05
3.70431552438e-09	-6.32568844594e-06
3.71818936529e-09	-8.20373315946e-07
3.73206320621e-09	5.22751543031e-06
3.74593704712e-09	1.07990526885e-05
3.75981088804e-09	1.4759179976e-05
3.77368472895e-09	1.61759744515e-05
3.78755856987e-09	1.46213715198e-05
3.80143241079e-09	1.03280981421e-05
3.8153062517e-09	4.13570887758e-06
3.82918009262e-09	-2.75425918517e-06
3.84305393353e-09	-9.11589995667e-06
3.85692777445e-09	-1.40022148116e-05
3.87080161536e-09	-1.69187769643e-05
3.88467545628e-09	-1.78113659786e-05
3.89854929719e-09	-1.69258128153e-05
3.91242313811e-09	-1.46077163663e-05
3.92629697902e-09	-1.11541539809e-05
3.94017081994e-09	-6.78049491398e-06
3.95404466085e-09	-1.68870610651e-06
3.96791850177e-09	3.80000528821e-06
3.98179234268e-09	9.1478741524e-06
3.9956661836e-09	1.3610586393e-05
4.00954002451e-09	1.6362650058e-05
4.02341386543e-09	1.67243997566e-05
4.03728770634e-09	1.43786382978e-05
4.05116154726e-09	9.51665788307e-06
4.06503538818e-09	2.83460394712e-06
4.07890922909e-09	-4.61842682853e-06
4.09278307001e-09	-1.16835180961e-05
4.10665691092e-09	-1.73411553988e-05
4.12053075184e-09	-2.08862547879e-05
4.13440459275e-09	-2.20004276343e-05
4.14827843367e-09	-2.07012089959e-05
4.16215227458e-09	-1.72440195456e-05
4.1760261155e-09	-1.20296417663e-05
4.18989995641e-09	-5.54598136659e-06
4.20377379733e-09	1.61082334671e-06
4.21764763824e-09	8.71715565154e-06
4.23152147916e-09	1.49124498421e-05
4.24539532007e-09	1.9275727027e-05
4.25926916099e-09	2.09845184145e-05
4.2731430019e-09	1.95137527044e-05
4.28701684282e-09	1.4824065147e-05
4.30089068374e-09	7.45304350858e-06
4.31476452465e-09	-1.53278415382e-06
4.32863836557e-09	-1.07294090412e-05
4.34251220648e-09	-1.86863035196e-05
4.3563860474e-09	-2.41937996179e-05
4.37025988831e-09	-2.65118396783e-05
4.38413372923e-09	-2.54650858551e-05
4.39800757014e-09	-2.13937673834e-05
4.41188141106e-09	-1.50164378283e-05
4.42575525197e-09	-7.24615256331e-06
4.43962909289e-09	9.66890638665e-07
4.4535029338e-09	8.7271537268e-06
4.46737677472e-09	1.52370103024e-05
4.48125061563e-09	1.98081343115e-05
4.49512445655e-09	2.18754212256e-05
4.50899829746e-09	2.10685338971e-05
4.52287213838e-09	1.72906256921e-05
4.53674597929e-09	1.08143212856e-05
4.55061982021e-09	2.33185164689e-06
4.56449366113e-09	-7.09127471055e-06
4.57836750204e-09	-1.6155454432e-05
4.59224134296e-09	-2.35346851696e-05
4.60611518387e-09	-2.81224311038e-05
4.61998902479e-09	-2.92309487122e-05
4.6338628657e-09	-2.67049363174e-05
4.64773670662e-09	-2.09207137232e-05
4.66161054753e-09	-1.26954273583e-05
4.67548438845e-09	-3.12842803396e-06
4.68935822936e-09	6.56623069517e-06
4.70323207028e-09	1.52099764819e-05
4.71710591119e-09	2.17711130972e-05
4.73097975211e-09	2.54456572293e-05
4.74485359302e-09	2.57265783148e-05
4.75872743394e-09	2.24592713494e-05
4.77260127485e-09	1.58963648573e-05
4.78647511577e-09	6.72110036248e-06
4.80034895668e-09	-3.98333668272e-06
4.8142227976e-09	-1.48389444803e-05
4.82809663852e-09	-2.43495924224e-05
4.84197047943e-09	-3.11287185468e-05
4.85584432035e-09	-3.41335362464e-05
4.86971816126e-09	-3.28550195263e-05
4.88359200218e-09	-2.74032518064e-05
4.89746584309e-09	-1.85010103451e-05
4.91133968401e-09	-7.35518551664e-06
4.92521352492e-09	4.52772292192e-06
4.93908736584e-09	1.55766283569e-05
4.95296120675e-09	2.43528756982e-05
4.96683504767e-09	2.97346450679e-05
4.98070888858e-09	3.10295799864e-05
4.9945827295e-09	2.80472868326e-05
5.00845657041e-09	2.11132319237e-05
5.02233041133e-09	1.10373293865e-05
5.03620425224e-09	-9.58535565587e-07
5.05007809316e-09	-1.33725188789e-05
5.06395193408e-09	-2.46034087468e-05
5.07782577499e-09	-3.31503033522e-05
5.09169961591e-09	-3.78251643269e-05
5.10557345682e-09	-3.7935009459e-05
5.11944729774e-09	-3.33905154548e-05
5.13332113865e-09	-2.4728855351e-05
5.14719497957e-09	-1.30457228806e-05
5.16106882048e-09	1.62575815921e-07
5.1749426614e-09	1.31987808345e-05
5.18881650231e-09	2.43912527367e-05
5.20269034323e-09	3.22960695485e-05
5.21656418414e-09	3.58715515176e-05
5.23043802506e-09	3.45980697602e-05
5.24431186597e-09	2.85386304313e-05
5.25818570689e-09	1.83503343578e-05
5.2720595478e-09	5.22608570463e-06
5.28593338872e-09	-9.21982882574e-06
5.29980722963e-09	-2.31411922869e-05
5.31368107055e-09	-3.4681375837e-05
5.32755491147e-09	-4.22334051109e-05
5.34142875238e-09	-4.46796184406e-05
5.3553025933e-09	-4.15647118643e-05
5.36917643421e-09	-3.32002418872e-05
5.38305027513e-09	-2.06193326449e-05
5.39692411604e-09	-5.45494185644e-06
5.41079795696e-09	1.02962767414e-05
5.42467179787e-09	2.45582687057e-05
5.43854563879e-09	3.54458752554e-05
5.4524194797e-09	4.15212380176e-05
5.46629332062e-09	4.19577772846e-05
5.48016716153e-09	3.66491331079e-05
5.49404100245e-09	2.61993172899e-05
5.50791484336e-09	1.18675725389e-05
5.52178868428e-09	-4.58336489828e-06
5.53566252519e-09	-2.10836260521e-05
5.54953636611e-09	-3.55047050107e-05
5.56341020703e-09	-4.59157927253e-05
5.57728404794e-09	-5.08545308548e-05
5.59115788886e-09	-4.95375461469e-05
5.60503172977e-09	-4.19923417212e-05
5.61890557069e-09	-2.9095026548e-05
5.6327794116e-09	-1.24676334963e-05
5.64665325252e-09	5.73207944399e-06
5.66052709343e-09	2.30965124501e-05
5.67440093435e-09	3.73128568754e-05
5.68827477526e-09	4.6472541726e-05
5.70214861618e-09	4.93339102832e-05
5.71602245709e-09	4.54753899248e-05
5.72989629801e-09	3.53398099833e-05
5.74377013892e-09	2.01740440389e-05
5.75764397984e-09	1.86796557955e-06
5.77151782075e-09	-1.72884829226e-05
5.78539166167e-09	-3.48640824086e-05
5.79926550258e-09	-4.8593221436e-05
5.8131393435e-09	-5.66393900954e-05
5.82701318442e-09	-5.78420258535e-05
5.84088702533e-09	-5.18892265973e-05
5.85476086625e-09	-3.93756490666e-05
5.86863470716e-09	-2.17817505472e-05
5.88250854808e-09	-1.29604813992e-06
5.89638238899e-09	1.94392086996e-05
5.91025622991e-09	3.76801763196e-05
5.92413007082e-09	5.09537749167e-05
5.93800391174e-09	5.73964134674e-05
5.95187775265e-09	5.6035372836e-05
5.96575159357e-09	4.69236838399e-05
5.97962543448e-09	3.11574804073e-05
5.9934992754e-09	1.0715881217e-05
6.00737311631e-09	-1.17755835163e-05
6.02124695723e-09	-3.34034812113e-05
6.03512079814e-09	-5.13335799042e-05
6.04899463906e-09	-6.31901493762e-05
6.06286847997e-09	-6.73410686431e-05
6.07674232089e-09	-6.31409566267e-05
6.09061616181e-09	-5.09938763571e-05
6.10449000272e-09	-3.23445419781e-05
6.11836384364e-09	-9.5075374702e-06
6.13223768455e-09	1.46315505845e-05
6.14611152547e-09	3.69374720322e-05
6.15998536638e-09	5.4471893236e-05
6.1738592073e-09	6.48508066661e-05
6.18773304821e-09	6.65813131491e-05
6.20160688913e-09	5.92775613768e-05
6.21548073004e-09	4.37362396042e-05
6.22935457096e-09	2.18573059101e-05
6.24322841187e-09	-3.6017745515e-06
6.25710225279e-09	-2.93649009109e-05
6.2709760937e-09	-5.20598041476e-05
6.28484993462e-09	-6.8665285653e-05
6.29872377553e-09	-7.69183170632e-05
6.31259761645e-09	-7.56050721975e-05
6.32647145737e-09	-6.47455526632e-05
6.34034529828e-09	-4.56081979792e-05
6.3542191392e-09	-2.05528631341e-05
6.36809298011e-09	7.24611891201e-06
6.38196682103e-09	3.42047533195e-05
6.39584066194e-09	5.68007162656e-05
